0
4
8
10
12
16
20
24
28
32
36
40
44
48
49
53
61
64
67
71
99
145
149
153
158
161
165
169
173
178
181
185
189
193
197
201
205
209
213
217
221
225
229
233
237
240
243
247
251
255
259
262
265
269
273
277
281
285
289
293
297
314
319
323
327
331
333
337
341
367
371
375
379
383
387
391
395
399
403
407
411
417
421
425
429
433
437
441
445
449
453
457
461
465
469
473
477
481
485
489
493
497
502
505
509
513
517
521
525
529
533
537
541
545
547
549
553
557
564
565
569
573
577
581
585
589
593
597
601
605
609
612
617
621
625
629
633
637
641
645
649
653
657
661
665
669
673
677
681
685
689
693
696
707
711
715
719
723
727
731
735
739
743
747
751
755
759
763
769
771
775
779
783
787
791
795
799
803
808
