2267
2269
2271
2273
2275
2279
2283
2287
2291
2295
2299
2303
2307
2311
2315
2320
2330
2340
2360
2380
2402
2422
2442
2462
2482
2503
2512
2522
2532
2542
2552
2562
2572
2582
2591
2602
2612
2622
2632
2642
2652
2662
2672
2682
2691
2702
2712
2722
2732
2742
2752
2762
2772
2782
2792
2798
2802
2812
2822
2832
2842
2852
2862
2872
2882
2892
2902
2912
2922
2932
2942
2952
2962
2972
2982
2992
3002
3012
3022
3025
3044
3051
3062
3072
3082
3092
3102
3112
3122
3132
3143
3151
3162
3172
3182
3192
3202
3212
3222
3225
3242
3251
3262
3272
3282
3292
3302
3312
3322
3332
3338
3342
3351
3362
3372
3382
3392
3402
3412
3422
3432
3442
3451
3462
3472
3482
3492
3502
3512
3522
3532
3542
3551
3562
3572
3582
3592
3602
3612
3622
3627
3642
3651
3662
3672
3682
3692
3702
3712
3722
3732
3749
3755
3759
3769
3779
3789
3799
3809
3819
3829
3838
3848
3858
3868
3876
3886
3896
3906
3916
3926
3936
3946
3955
3969
3977
3987
3997
4007
4017
4027
4032
4040
4050
4060
4070
4080
4100
4110
4120
