4
4
7
7
11
11
15
15
19
19
21
21
23
23
25
25
31
31
35
35
39
39
43
43
51
51
59
59
67
67
71
71
77
77
83
83
87
87
91
91
95
95
99
99
103
103
107
107
111
111
119
119
129
129
151
151
155
155
161
161
165
165
167
167
171
171
175
175
181
181
185
185
191
191
195
195
201
201
205
205
211
211
215
215
219
219
221
221
225
225
227
227
229
229
233
233
237
237
259
259
261
261
263
263
271
271
283
283
287
287
291
291
295
295
307
307
319
319
327
327
335
335
351
351
353
353
355
355
357
357
365
365
369
369
377
377
389
389
395
395
411
411
419
419
427
427
439
439
447
447
