1296
1306
1316
1326
1336
1346
1356
1366
1376
1386
1396
1406
1416
1426
1436
1446
1456
1466
1476
1486
1496
1506
1516
1526
1536
1546
1556
1566
1576
1586
1596
1606
1616
1626
1636
1646
1656
1666
1676
1686
1696
1706
1716
1726
1736
1746
1756
1766
1776
1786
1796
1806
1816
1826
1836
1846
1856
1866
1876
1886
1896
1906
1916
1926
1936
1946
1956
1966
1976
1986
1996
2006
2016
2026
2036
2046
2056
2066
2076
2086
2096
2106
2116
2126
2136
2146
2156
2166
2176
2186
2196
2206
2216
2226
2236
2246
2256
2266
2276
2286
2296
2306
2316
2326
2336
2346
2356
2366
2376
2386
2396
2406
2416
2426
2436
2446
