11
21
41
51
60
72
82
92
102
112
122
132
138
144
168
193
224
254
274
284
299
305
307
322
333
358
368
378
382
384
388
423
496
506
515
562
564
565
566
568
570
572
573
575
577
578.5
579
580
581
583
585
587
590
591
593
595
597
599
600
602
604
606
607
609
610
611.5
612
614
615
617
618
620
621
623
624
626
627
628
630
632
633
635
637
638
640
641
643
645
646
648
650
652
653
655
656
658
660
661
663
665
666
668
670
671.5
672
673
675
677
678
680
683
684
686
687
690
692
693
698
702
704
705
707
710
712
714
715
719
720
722
726
732
734
737
740
741.5
742
744
747
751.5
752
782
812
832
852
857
860
862
864
865
867
868
870
871
874
875
877
878
880
882
884
885
887
890
892
894
894.5
896
897
899
900
902
904
905
907
909
910
912
914
915
917
918
920
922
924
