0.6
1.3
1.9
2.6
3.2
3.9
4.5
5.2
5.8
6.5
7.2
7.8
8.6
9.3
10.1
10.8
11.6
12.4
13.1
13.9
14.6
15.4
16.1
16.9
17.9
18.9
19.8
20.6
21.5
22.4
23.2
23.9
24.6
25.5
26.3
27.1
28
28.8
29.5
30.4
31.2
32.1
33
33.8
34.7
35.7
36.7
37.6
38.5
39.5
40.5
41.4
42.2
43
43.7
44.5
45.6
46.4
47.3
48.1
48.8
49.6
50.3
51.1
51.8
52.4
53
53.6
54.5
55.4
56.2
57.1
58
58.8
59.7
60.6
61.5
62.3
63.3
64.2
65
65.9
66.7
67.4
68.1
68.7
69.3
70
70.9
71.8
72.7
73.6
74.7
75.7
76.7
77.6
78.5
79.4
80.3
81.1
81.8
82.7
83.7
84.5
85.4
86.5
87.4
88.3
89.3
90.1
