154
162
170
178
186
194
202
208
215
222
230
238
245
252
258
266
274
282
290
296
308
312
316
320
324
332
340
348
358
366
372
380
388
396
406
414
422
430
434
438
442
446
450
454
458
462
466
470
478
482
486
490
494
498
506
514
518
522
530
538
544
552
556
560
568
576
584
592
596
604
608
616
624
628
632
636
640
714
718
722
730
733
739
743
747
754
758
766
773
782
790
798
810.0001
818
826
834
842
850
855
859
863
867
875
883
891
897.9999
910.0001
918
926
934
942
950
958
962
974
989.9999
1006
1022
1030
1038
1046
1054
1062
1070
1074
1078
1082
1086
1094
1096
