2.5
7.5
12.5
17.5
22.5
27.5
32.5
37.5
42.5
47.5
52.5
57.5
62.5
67.5
72.5
77.5
82.5
87.5
92.5
97.5
105
115
125
135
145
155
165
175
185
195
205
215
225
235
245
255
265
275
285
295
305
315
325
335
345
355
365
375
385
395
405
415
425
435
445
455
465
475
485
495
505
515
525
535
545
552.5
557.5
562.5
567.5
572.5
577.5
582.5
587.5
592.5
597.5
607.5
612.5
620
630
640
650
660
670
680
690
700
710
720
730
740
750
760
770
771.5
782.5
787.5
792.5
797.5
802.5
807.5
812.5
817.5
822.5
827.5
832.5
837.5
842.5
847.5
852.5
857.5
862.5
867.5
872.5
877.5
882.5
887.5
