0.5
1.5
2.5
3.5
4.5
5.5
6.5
7.5
8.5
9.5
10.5
11.5
12.5
13.5
14.5
15.5
16.5
17.5
18.5
19.5
20.5
21.5
22.5
23.5
24.5
25.5
26.5
27.5
28.5
29.5
30.5
31.5
33.5
34.5
35.5
36.5
37.5
38.5
39.5
40.5
41.5
42.5
43.5
44.5
48.5
49.5
56.5
60.5
64.5
65.5
68.5
70.5
72.5
74.5
76.5
77.5
78.5
79.5
80.5
81.5
84.5
88.5
92.5
97.5
100.5
104.5
108.5
112.5
113.5
116.5
120.5
122.5
124.5
125.5
126.5
127.5
128.5
129.5
130.5
132.5
136.5
140.5
144.5
145.5
148.5
152.5
156.5
160.5
161.5
164.5
168.5
170.5
172.5
174.5
176.5
177.5
178.5
179.5
180.5
181.5
184.5
188.5
192.5
193.5
200.5
204.5
208.5
209.5
212.5
216.5
220.5
224.5
225.5
228.5
232.5
236.5
240.5
241.5
242.5
243.5
244.5
245.5
246.5
247.5
248.5
249.5
