0
0
64.008
64.008
68.58
68.58
91.44
91.44
121.92
121.92
152.4
152.4
167.64
167.64
182.88
182.88
213.36
213.36
243.84
243.84
274.32
274.32
304.8
304.8
335.28
335.28
365.76
365.76
396.24
396.24
426.72
426.72
457.2
457.2
487.68
487.68
518.16
518.16
548.64
548.64
579.12
579.12
609.6
609.6
640.08
640.08
670.56
670.56
701.04
701.04
716.28
716.28
731.52
731.52
762
762
792.48
792.48
822.96
822.96
853.44
853.44
883.92
883.92
914.4
914.4
944.88
944.88
975.36
975.36
1005.84
1005.84
1036.32
1036.32
1066.8
1066.8
1097.28
1097.28
1127.76
1127.76
1158.24
1158.24
1188.72
1188.72
1203.96
1203.96
1219.2
1219.2
1257.3
1257.3
1280.16
1280.16
1310.64
1310.64
1341.12
1341.12
1374.648
1374.648
1389.888
1389.888
1394.46
1394.46
