0.5
2.5
4.5
6.5
8.5
10.5
12.5
14.5
16.5
18.5
20.5
22.5
26.5
28.5
30.5
32.5
34.5
36.5
38.5
40.5
44.5
52.5
54.5
56.5
58.5
60.5
62.5
64.5
66.5
68.5
70.5
72.5
76.5
78.5
80.5
82.5
84.5
86.5
88.5
90.5
92.5
94.5
96.5
98.5
100.5
102.5
104.5
106.5
108.5
110.5
112.5
114.5
116.5
118.5
120.5
122.5
124.5
126.5
128.5
132.5
134.5
136.5
138.5
140.5
144.5
146.5
148.5
150.5
152.5
154.5
156.5
158.5
160.5
162.5
164.5
166.5
168.5
170.5
172.5
174.5
176.5
178.5
180.5
182.5
184.5
186.5
188.5
190.5
192.5
194.5
196.5
198.5
200.5
202.5
204.5
208.5
210.5
212.5
214.5
216.5
218.5
220.5
222.5
226.5
234.5
238.5
240.5
242.5
246.5
250.5
254.5
258.5
260.5
262.5
280.5
300.5
320.5
340.5
360.5
380.5
