1
1
1
5
5
5
9
9
9
13
13
13
17
17
17
21
21
21
25
25
25
29
29
29
33
33
33
49
49
49
65
65
65
81
81
81
97
97
97
113
113
113
129
129
129
145
145
145
161
161
161
177
177
177
193
193
193
209
209
209
225
225
225
241
241
241
257
257
257
273
273
273
289
289
289
305
305
305
321
321
321
337
337
337
353
353
353
369
369
369
385
385
385
401
401
401
409
409
409
417
417
417
425
425
425
433
433
433
441
441
441
449
449
449
457
457
457
465
465
465
473
473
473
481
481
481
485
485
485
489
489
489
493
493
493
495
495
495
497
497
497
499
499
499
501
501
501
503
503
503
505
505
505
507
507
507
509
509
509
511
511
511
513
513
513
515
515
515
517
517
517
519
519
519
521
521
521
527
527
527
535
535
535
543
543
543
551
551
551
559
559
559
567
567
567
575
575
575
583
583
583
591
591
591
599
599
599
607
607
607
615
615
615
623
623
623
631
631
631
639
639
639
647
647
647
655
655
655
671
671
671
687
687
687
703
703
703
719
719
719
734
734
734
