547.5
563.5
579.5
595.5
611.5
619.5
635.5
651.5
659.5
675.5
683.5
691.5
699.5
707.5
715.5
723.5
731.5
739.5
747.5
755.5
763.5
771.5
779.5
787.5
795.5
803.5
811.5
819.5
827.5
835.5
841.5
851.5
859.5
867.5
875.5
879.5
883.5
887.5
891.5
895.5
899.5
907.5
911.5
915.5
919.5
927.5
931.5
935.5
939.5
943.5
947.5
951.5
955.5
959.5
963.5
967.5
971.5
975.5
979.5
983.5
987.5
991.5
995.5
999.5
1003.5
1011.5
1019.5
1027.5
1035.5
1043.5
1051.5
1059.5
1067.5
1075.5
1083.5
1091.5
1099.5
1107.5
1115.5
1123.5
1155.5
1171.5
1187.5
1203.5
1219.5
1235.5
1251.5
