0
0
0
20
20
20
30
30
30
35
35
35
40
40
40
45
45
45
50
50
50
55
55
55
61
61
61
65
65
65
75
75
75
86
86
86
90
90
90
95
95
95
99
99
99
105
105
105
110
110
110
115
115
115
135
135
135
155
155
155
175
175
175
195
195
195
215
215
215
235
235
235
255
255
255
275
275
275
295
295
295
315
315
315
355
355
355
415
415
415
455
455
455
495
495
495
555
555
555
575
575
575
615
615
615
635
635
635
655
655
655
695
695
695
735
735
735
775
775
775
815
815
815
856
856
856
915
915
915
935
935
935
955
955
955
995
995
995
1035
1035
1035
1059
1059
1059
1095
1095
1095
1115
1115
1115
1155
1155
1155
1192
1192
1192
