0.5
0.5
10.5
10.5
13.75
13.75
3.5
3.5
23.75
23.75
20.5
20.5
30.5
30.5
33.75
33.75
35.75
35.75
40.5
40.5
43.75
43.75
47.75
47.75
51.5
51.5
53.75
53.75
57.75
57.75
61.5
61.5
65.5
65.5
71.5
71.5
67.5
67.5
73.5
73.5
80.5
80.5
84.5
84.5
75.5
75.5
77.5
77.5
63.5
63.5
90.5
90.5
100.5
100.5
104.5
104.5
94.5
94.5
108.5
108.5
114.5
114.5
124.5
124.5
120.5
120.5
130.5
130.5
140.5
140.5
135.5
135.5
143.5
143.5
151.5
151.5
155.5
155.5
160.5
160.5
165.5
165.5
170.5
170.5
175.5
175.5
180.5
180.5
185.5
185.5
190.5
190.5
195.5
195.5
199.5
199.5
204.5
204.5
209.5
209.5
216.5
216.5
225.5
225.5
219.5
219.5
230.5
230.5
235.5
235.5
244.5
244.5
239.5
239.5
260.5
260.5
254.5
254.5
265.5
265.5
250.5
250.5
270.5
270.5
275.5
275.5
280.5
280.5
284.5
284.5
290.5
290.5
300.5
300.5
310.5
310.5
320.5
320.5
314.5
314.5
304.5
304.5
328.5
328.5
324.5
324.5
335.5
335.5
340.5
340.5
350.5
350.5
355.5
355.5
360.5
360.5
365.5
365.5
370.5
370.5
375.5
375.5
383.75
383.75
