4
4
4
4
4
54
54
54
54
54
44
44
44
44
44
24
24
24
24
24
64
64
64
64
64
94
94
94
94
94
74
74
74
74
74
84
84
84
84
84
99
99
99
99
99
14
14
14
14
14
109
109
109
109
109
119
119
119
119
119
143
143
143
143
143
129
129
129
129
129
157
157
157
157
157
169
169
169
169
169
188
188
188
188
188
243
243
243
243
243
202
202
202
202
202
287
287
287
287
287
267
267
267
267
267
306
306
306
306
306
324
324
324
324
324
390
390
390
390
390
406
406
406
406
406
446
446
446
446
446
465
465
465
465
465
426
426
426
426
426
