1558.5
1630.5
1681.5
1730.5
1780.5
1830.5
1850.5
1880.5
1895.5
1900.5
1905.5
1910.5
1915.5
1935.5
1985.5
2044.5
2094.5
2134.5
2184.5
2234.5
2244.5
2254.5
2264.5
2274.5
2284.5
2324.5
2334.5
2344.5
2354.5
2364.5
2374.5
2384.5
2394.5
2404.5
2410.5
2412.5
2414.5
2416.5
2424.5
2426.5
2428.5
2432.5
2434.5
2439.5
2442.5
2444.5
2448.5
2452.5
2454.5
2458.5
2463.5
2464.5
2468.5
2472.5
2474.5
2478.5
2482.5
2484.5
2488.5
2492.5
2494.5
2498.5
2502.5
2504.5
2508.5
2512.5
2514.5
2518.5
2522.5
2524.5
2526.5
2530.5
2534.5
2538.5
2542.5
2544.5
2548.5
2552.5
2554.5
2558.5
2562.5
2564.5
2568.5
2572.5
2574.5
2578.5
2582.5
2584.5
2588.5
2592.5
2594.5
2598.5
2600.5
2602.5
2627.5
2629.5
2631.5
2635.5
2639.5
2643.5
2647.5
2649.5
2653.5
2657.5
2659.5
2663.5
2667.5
2669.5
2673.5
2677.5
2679.5
2683.5
2687.5
2689.5
2693.5
2697.5
2699.5
2703.5
2709.5
2715.5
2729.5
2739.5
2749.5
2759.5
2764.5
2779.5
2789.5
2805.5
2829.5
2839.5
2849.5
2859.5
2879.5
2889.5
2899.5
2909.5
2915.5
2927.5
2937.5
2947.5
2957.5
2967.5
2977.5
2980.5
2983.5
2985.5
2987.5
2989.5
2991.5
2993.5
2995.5
2997.5
2999.5
3000.5
3003.5
3005.5
3007.5
3009.5
3011.5
3013.5
3026.5
3028.5
3030.5
3032.5
3034.5
3036.5
3038.5
3040.5
3042.5
3044.5
3046.5
3048.5
3052.5
3054.5
3056.5
3058.5
3060.5
3062.5
3064.5
3066.5
3068.5
3070.5
3072.5
3074.5
3076.5
3080.5
3082.5
3084.5
3086.5
3088.5
3090.5
3112.5
3114.5
3116.5
3118.5
3120.5
3122.5
3124.5
3126.5
3128.5
3130.5
3132.5
3134.5
3136.5
3138.5
3142.5
3144.5
3146.5
3148.5
3150.5
3152.5
3154.5
3156.5
3158.5
3160.5
3162.5
3164.5
3188.5
3198.5
3208.5
3218.5
3228.5
3238.5
3248.5
3263.5
3273.5
3283.5
3293.5
3303.5
3313.5
3327.5
3342.5
3347.5
3357.5
3368.5
3388.5
