0.5
0.5
1.56
1.56
2.62
2.62
3.68
3.68
4.74
4.74
5.8
5.8
6.86
6.86
7.92
7.92
8.98
8.98
10.04
10.04
11.1
11.1
12.16
12.16
13.22
13.22
14.28
14.28
15.34
15.34
16.4
16.4
17.46
17.46
18.52
18.52
19.58
19.58
20.64
20.64
21.7
21.7
22.76
22.76
23.82
23.82
24.88
24.88
25.94
25.94
27
27
28.06
28.06
29.12
29.12
30.18
30.18
31.24
31.24
32.3
32.3
33.36
33.36
34.42
34.42
35.48
35.48
36.54
36.54
37.6
37.6
38.66
38.66
39.72
39.72
40.78
40.78
41.84
41.84
42.9
42.9
43.96
43.96
45.02
45.02
46.08
46.08
47.14
47.14
48.2
48.2
49.26
49.26
50.32
50.32
51.38
51.38
52.44
52.44
53.5
53.5
54.56
54.56
55.62
55.62
56.68
56.68
57.74
57.74
58.8
58.8
59.86
59.86
60.92
60.92
61.98
61.98
63.04
63.04
64.1
64.1
65.16
65.16
66.22
66.22
67.28
67.28
68.34
68.34
69.4
69.4
70.46
70.46
71.52
71.52
72.58
72.58
73.64
73.64
74.7
74.7
75.76
75.76
76.82
76.82
77.88
77.88
78.94
78.94
80
80
81.06
81.06
82.12
82.12
83.18
83.18
84.24
84.24
85.3
85.3
86.36
86.36
87.42
87.42
88.48
88.48
89.54
89.54
