40
1222
1222
1222
1222
1222
1212
1212
1212
1212
1212
1202
1202
1202
1202
1202
1175
1175
1175
1175
1175
1165
1165
1165
1165
1165
1155
1155
1155
1155
1155
1145
1145
1145
1145
1145
1135
1135
1135
1135
1232
1232
1232
1232
1232
1242
1242
1242
1242
1242
1272
1272
1272
1272
1272
1135
1125
1125
1125
1125
1125
1115
1115
1115
1115
1115
1105
1105
1105
1105
1105
1080
1080
1080
1080
1080
1075
1075
1075
1075
1075
1065
1065
1065
1065
1065
1055
1055
1055
1055
1055
1045
1045
1045
1045
1045
1035
1035
1035
1035
1035
1025
1025
1025
1025
1025
1015
1015
1015
1015
1015
1005
1005
1005
1005
1005
985
985
985
985
985
975
975
975
975
975
965
965
965
965
965
955
955
955
955
955
945
945
945
945
945
935
935
935
935
935
925
925
925
925
925
915
915
915
915
915
905
905
905
905
905
885
885
885
885
885
875
875
875
875
875
865
865
865
865
865
855
855
855
855
855
845
845
845
845
845
835
835
835
835
835
825
825
825
825
825
815
815
815
815
815
785
785
785
785
785
775
775
775
775
775
765
765
765
765
765
745
745
745
745
745
735
735
735
735
735
725
725
725
725
725
715
715
715
715
715
705
705
705
705
705
675
675
675
675
675
665
665
665
665
665
625
625
625
625
625
615
615
615
615
615
585
585
585
585
585
575
575
575
575
575
565
565
565
565
565
545
545
545
545
545
535
535
535
535
535
525
525
525
525
525
505
505
505
505
505
485
485
485
485
485
465
465
465
465
465
455
455
455
455
455
445
445
445
445
445
435
435
435
435
435
425
425
425
425
425
415
415
415
415
415
405
405
405
405
405
385
385
385
385
385
345
345
345
345
345
315
315
315
315
315
305
305
305
305
305
285
285
285
285
285
275
275
275
275
275
265
265
265
265
265
255
255
255
255
255
245
245
245
245
245
235
235
235
235
235
225
225
225
225
225
215
215
215
215
215
205
205
205
205
205
185
185
185
185
185
175
175
175
175
175
165
165
165
165
165
155
155
155
155
155
145
145
145
145
145
135
135
135
135
135
125
125
125
125
125
115
115
115
115
115
105
105
105
105
105
80
80
80
80
80
70
70
70
70
70
60
60
60
60
60
50
50
50
50
50
40
40
40
40
