1296
1304
1312
1320
1324
1328
1332
1336
1340
1344
1348
1352
1356
1360
1368
1376
1384
1392
1400
1408
1416
1424.3
1432.8
1441.3
1449.8
1458.3
1466.8
1475.3
1483.8
1492.3
1500.8
1509.4
1517.9
1520
1528
1536
1544
1552
1560
1568
1576
1584
1592
1600
1608
1616
1624.2
1632.5
1640.8
1649.2
1657.5
1665.8
1674.2
1682.5
1690.8
1699.2
1707.5
1715.8
1720
1728.2
1736.3
1744.5
1752.7
1760.8
1769
1777.1
1785.3
1793.5
1801.6
1809.8
1818
1824
1832
1840
1848
1856
1864
1872
1880
1888
1896
1904
1912
1920
1928.3
1936.7
1945
1953.3
1961.7
1970
1978.3
1986.7
1995
2003.3
2011.7
2020
2024.3
2032.8
2041.3
2049.8
2058.3
2066.8
2075.3
2083.8
2092.3
2100.8
2109.4
2117.9
2120
2128.8
2137.6
2146.4
2155.2
2164
2172.7
2181.5
2190.3
2199.1
2207.9
2216.7
2220
2224.4
2228.9
2233.3
2237.8
2242.2
2246.7
2251.1
2255.6
2260
2264.4
2268.9
2273.3
2277.8
2282.2
2286.7
2291.1
2295.6
2300
2304.4
2308.9
2313.3
2317.8
2320
2324
2328
2332
2336
2340
2344
2348
2352
2356
2360
2364
2368
2372
2376
2380
2384
2388
2392
2396
2400
2404
2408
2416
2424
2436
2444
