10
810
2440
3900
4390
4720
5690
6670
6810
6970
7110
7270
8170
8310
8470
8610
8770
9670
9810
9970
10410
10570
10710
11590
11740
11890
12040
12190
12340
12490
12640
12790
13690
13840
13990
14140
14290
14440
14990
15490
15640
15780
15930
16080
16830
16980
17130
17280
17430
18050
18190
18340
18490
19090
19240
20180
20330
20480
20630
20780
20930
21050
21200
21350
21500
21950
22100
22250
22400
22550
22700
22850
23000
23150
23300
23450
23600
23750
23900
24050
24200
24350
24500
24650
24800
25250
25400
25550
25700
25850
26000
26150
26300
26450
26600
26750
26900
27050
27350
27500
27650
27800
27950
28360
28500
28650
28790
28950
29100
29240
29380
29550
29700
29900
