0.5
5.5
8.5
9.5
11.5
15.5
16.5
17.5
18.5
19.5
20.5
21.5
23.5
24.5
25.5
27.5
29.5
30.5
31.5
33.5
35.5
37.5
38.5
39.5
40.5
41.5
42.5
43.5
45.5
46.5
47.5
48.5
49.5
50.5
51.5
53.5
54.5
55.5
57.5
59.5
60.5
61.5
63.5
64.5
65.5
66.5
67.5
68.5
71.5
73.5
74.5
75.5
76.5
78.5
80.5
81.5
83.5
84.5
85.5
86.5
87.5
89.5
90.5
91.5
92.5
93.5
94.5
99.5
109.5
119.5
125.5
129.5
134.5
139.5
143.5
144.5
145.5
146.5
148.5
149.5
150.5
151.5
152.5
153.5
154.5
156.5
157.5
158.5
159.5
160.5
162.5
163.5
164.5
166.5
167.5
168.5
169.5
170.5
174.5
179.5
183.5
