0
20
30
40
50
60
70
80
90
100
110
120
140
160
174
195
215
235
271
291
311
331
351
365
371
391
411
431
441
451
457
467
477
487
497
507
517
537
547
557
577
597
607
617
627
637
647
662
672
682
692
702
712
722
732
747
757.5
767.5
777.5
787.5
797.5
807.5
822.5
829.5
839.5
849.5
859.5
869.5
879.5
889.5
899.5
914.5
925.5
935.5
945.5
955.5
965.5
975.5
985.5
995.5
1005.5
1014.5
1024.5
1034.5
1044.5
1054.5
1064.5
1074.5
1084.5
1089.5
1091
1096
1106
1116
1126
1136
1146
1161
1165
1166
1171
1181
1191
1201
1211
1221
1231
1241
1251
