64
64
64
74
74
74
84
84
84
94
94
94
104
104
104
114
114
114
124
124
124
134
134
134
144
144
144
154
154
154
164
164
164
174
174
174
184
184
184
194
194
194
204
204
204
214
214
214
224
224
224
234
234
234
240
240
240
241
241
241
242
242
242
243
243
243
244
244
244
245
245
245
246
246
246
247
247
247
248
248
248
249
249
249
250
250
250
250
250
250
254
254
254
255
255
255
256
256
256
257
257
257
258
258
258
259
259
259
261
261
261
262
262
262
263
263
263
264
264
264
265
265
265
266
266
266
266
266
266
267
267
267
268
268
268
269
269
269
271
271
271
272
272
272
273
273
273
274
274
274
275
275
275
276
276
276
276
276
276
277
277
277
278
278
278
279
279
279
280
280
280
281
281
281
282
282
282
283
283
283
284
284
284
285
285
285
286
286
286
286
286
286
287
287
287
288
288
288
289
289
289
291
291
291
292
292
292
293
293
293
294
294
294
295
295
295
296
296
296
296
296
296
297
297
297
298
298
298
299
299
299
301
301
301
302
302
302
303
303
303
304
304
304
305
305
305
306
306
306
307
307
307
308
308
308
309
309
309
311
311
311
312
312
312
313
313
313
314
314
314
315
315
315
316
316
316
317
317
317
326
326
326
336
336
336
346
346
346
356
356
356
366
366
366
376
376
376
386
386
386
394
394
394
396
396
396
404
404
404
406
406
406
414
414
414
416
416
416
424
424
424
426
426
426
434
434
434
436
436
436
444
444
444
445
445
445
