19.5
19.5
19.5
29.5
29.5
29.5
32.5
32.5
32.5
36.5
36.5
36.5
0.5
0.5
0.5
56
56
56
48
48
48
40
40
40
74.5
74.5
74.5
80.5
80.5
80.5
86.5
86.5
86.5
92.5
92.5
92.5
98.5
98.5
98.5
110.5
110.5
110.5
104.5
104.5
104.5
116.5
116.5
116.5
122.5
122.5
122.5
128.5
128.5
128.5
134.5
134.5
134.5
140.5
140.5
140.5
143.5
143.5
143.5
146.5
146.5
146.5
149.5
149.5
149.5
152.5
152.5
152.5
158.5
158.5
158.5
155.5
155.5
155.5
164.5
164.5
164.5
161.5
161.5
161.5
170.5
170.5
170.5
167.5
167.5
167.5
176.5
176.5
176.5
67.5
67.5
67.5
60.5
60.5
60.5
194.5
194.5
194.5
182.5
182.5
182.5
188.5
188.5
188.5
206.5
206.5
206.5
200.5
200.5
200.5
212.5
212.5
212.5
218.5
218.5
218.5
224.5
224.5
224.5
236.5
236.5
236.5
230.5
230.5
230.5
248.5
248.5
248.5
242.5
242.5
242.5
254.5
254.5
254.5
260.5
260.5
260.5
266.5
266.5
266.5
