0.5
4.5
8.5
10.5
12.5
16.5
20.5
24.5
28.5
30.5
32.5
36.5
37.5
38.5
39.5
40.5
41.5
42.5
43.5
44.5
45.5
46.5
47.5
48.5
49.5
50.5
52.5
54.5
55.5
56.5
58.5
60.5
62.5
64.5
65.5
66.5
67.5
68.5
69.5
70.5
71.5
72.5
73.5
74.5
75.5
78.5
82.5
85.5
88.5
90.5
92.5
94.5
95.5
98.5
100.5
102.5
105.5
106.5
108.5
110.5
115.5
118.5
120.5
122.5
125.5
130.5
135.5
138.5
140.5
142.5
145.5
150.5
151.5
155.5
159.5
161.5
163.5
167.5
171.5
175.5
179.5
181.5
183.5
187.5
191.5
195.5
199.5
201.5
203.5
207.5
211.5
215.5
219.5
221.5
223.5
227.5
231.5
235.5
239.5
241.5
243.5
247.5
