7
7
15
15
23
23
31
31
39
39
47
47
55
55
63
63
71
71
79
79
87
87
95
95
104
104
115
115
124
124
132
132
140
140
148
148
156
156
164
164
172
172
180
180
188
188
196
196
204
204
212
212
220
220
228
228
236
236
244
244
252
252
260
260
268
268
276
276
284
284
292
292
300
300
308
308
316
316
324
324
332
332
340
340
348
348
356
356
364
364
372
372
380
380
388
388
396
396
404
404
412
412
420
420
428
428
436
436
444
444
452
452
460
460
468
468
476
476
484
484
492
492
500
500
508
508
516
516
524
524
532
532
540
540
548
548
558
558
564
564
572
572
580
580
588
588
598
598
607
607
612
612
622
622
630
630
638
638
646
646
653
653
662
662
670
670
678
678
686
686
693
693
702
702
710
710
718
718
726
726
732
732
742
742
750
750
758
758
766
766
772
772
782
782
790
790
796
796
801
801
811
811
821
821
829
829
837
837
845
845
851
851
861
861
869
869
877
877
885
885
897
897
903
903
911
911
919
919
927
927
935
935
943
943
951
951
959
959
