20.1
20.1
20.1
20.1
20.1
20.1
61.5
61.5
61.5
61.5
61.5
61.5
81.5
81.5
81.5
81.5
81.5
81.5
101.4
101.4
101.4
101.4
101.4
101.4
121.6
121.6
121.6
121.6
121.6
121.6
141.4
141.4
141.4
141.4
141.4
141.4
161.8
161.8
161.8
161.8
161.8
161.8
182.1
182.1
182.1
182.1
182.1
182.1
202
202
202
202
202
202
222.9
222.9
222.9
222.9
222.9
222.9
241.8
241.8
241.8
241.8
241.8
241.8
259.8
259.8
259.8
259.8
259.8
259.8
278.1
278.1
278.1
278.1
278.1
278.1
296.6
296.6
296.6
296.6
296.6
296.6
312.7
312.7
312.7
312.7
312.7
312.7
332.5
332.5
332.5
332.5
332.5
332.5
351.9
351.9
351.9
351.9
351.9
351.9
372.1
372.1
372.1
372.1
372.1
372.1
391
391
391
391
391
391
410.4
410.4
410.4
410.4
410.4
410.4
430.4
430.4
430.4
430.4
430.4
430.4
449.9
449.9
449.9
449.9
449.9
449.9
454.6
454.6
454.6
454.6
454.6
454.6
458
458
458
458
458
458
460.4
460.4
460.4
460.4
460.4
460.4
462.6
462.6
462.6
462.6
462.6
462.6
464.9
464.9
464.9
464.9
464.9
464.9
468
468
468
468
468
468
470.5
470.5
470.5
470.5
470.5
470.5
473.6
473.6
473.6
473.6
473.6
473.6
475.9
475.9
475.9
475.9
475.9
475.9
476.4
476.4
476.4
476.4
476.4
476.4
478.1
478.1
478.1
478.1
478.1
478.1
481.1
481.1
481.1
481.1
481.1
481.1
482.3
482.3
482.3
482.3
482.3
482.3
486.3
486.3
486.3
486.3
486.3
486.3
501.3
501.3
501.3
501.3
501.3
501.3
