0
0
0
4
4
4
12
12
12
8
8
8
16
16
16
20
20
20
23
23
23
19
19
19
28
28
28
31
31
31
35
35
35
39
39
39
47
47
47
51
51
51
43
43
43
55
55
55
59
59
59
63
63
63
67
67
67
71
71
71
75
75
75
79
79
79
83
83
83
85
85
85
87
87
87
89
89
89
91
91
91
93
93
93
97
97
97
95
95
95
99
99
99
24
24
24
101
101
101
103
103
103
27
27
27
105
105
105
107
107
107
109
109
109
111
111
111
113
113
113
117
117
117
121
121
121
125
125
125
129
129
129
133
133
133
137
137
137
145
145
145
141
141
141
149
149
149
153
153
153
155
155
155
157
157
157
159
159
159
163
163
163
161
161
161
165
165
165
167
167
167
169
169
169
171
171
171
173
173
173
175
175
175
177
177
177
179
179
179
181
181
181
183
183
183
187
187
187
191
191
191
195
195
195
199
199
199
203
203
203
207
207
207
211
211
211
215
215
215
219
219
219
223
223
223
225
225
225
227
227
227
229
229
229
231
231
231
233
233
233
235
235
235
237
237
237
239
239
239
241
241
241
243
243
243
245
245
245
247
247
247
249
249
249
251
251
251
253
253
253
257
257
257
261
261
261
265
265
265
269
269
269
273
273
273
277
277
277
281
281
281
285
285
285
295
295
295
289
289
289
293
293
293
297
297
297
299
299
299
301
301
301
307
307
307
303
303
303
305
305
305
309
309
309
311
311
311
313
313
313
315
315
315
317
317
317
319
319
319
321
321
321
323
323
323
327
327
327
331
331
331
335
335
335
339
339
339
343
343
343
355
355
355
347
347
347
351
351
351
359
359
359
363
363
363
367
367
367
371
371
371
375
375
375
383
383
383
379
379
379
387
387
387
391
391
391
395
395
395
399
399
399
403
403
403
407
407
407
415
415
415
411
411
411
419
419
419
423
423
423
427
427
427
431
431
431
435
435
435
439
439
439
443
443
443
447
447
447
451
451
451
455
455
455
