5
5
5
5
20
20
20
20
41
41
41
41
50
50
50
50
60
60
60
60
70
70
70
70
80
80
80
80
85
85
85
85
90
90
90
90
95
95
95
95
100
100
100
100
105
105
105
105
111
111
111
111
115
115
115
115
120
120
120
120
125
125
125
125
130
130
130
130
135
135
135
135
139
139
139
139
145
145
145
145
150
150
150
150
151
151
151
151
154
154
154
154
160
160
160
160
164
164
164
164
171
171
171
171
182
182
182
182
190
190
190
190
210
210
210
210
220
220
220
220
230
230
230
230
240
240
240
240
245
245
245
245
250
250
250
250
255
255
255
255
260
260
260
260
265
265
265
265
270
270
270
270
275
275
275
275
280
280
280
280
285
285
285
285
290
290
290
290
300
300
300
300
310
310
310
310
320
320
320
320
330
330
330
330
340
340
340
340
350
350
350
350
360
360
360
360
370
370
370
370
385
385
385
385
400
400
400
400
430
430
430
430
450
450
450
450
476
476
476
476
488
488
488
488
500
500
500
500
515
515
515
515
530
530
530
530
544
544
544
544
560
560
560
560
586
586
586
586
600
600
600
600
620
620
620
620
630
630
630
630
640
640
640
640
648
648
648
648
710
710
710
710
771
771
771
771
