0
0
10
10
25
25
40
40
55
55
70
70
85
85
100
100
115
115
130
130
145
145
160
160
175
175
190
190
205
205
220
220
235
235
250
250
265
265
280
280
295
295
300
300
305
305
310
310
315
315
320
320
325
325
330
330
335
335
340
340
345
345
350
350
355
355
360
360
365
365
370
370
375
375
380
380
385
385
390
390
395
395
400
400
405
405
410
410
415
415
420
420
425
425
430
430
435
435
440
440
445
445
450
450
454
454
460
460
465
465
470
470
475
475
480
480
485
485
490
490
492
492
498
498
506
506
509
509
515
515
518
518
524
524
527
527
531
531
534
534
537
537
540
540
