2.5
2.5
2.5
7.5
7.5
7.5
12.5
12.5
12.5
17.5
17.5
17.5
22.5
22.5
22.5
27.5
27.5
27.5
32.5
32.5
32.5
37.5
37.5
37.5
42.5
42.5
42.5
47.5
47.5
47.5
52.5
52.5
52.5
57.5
57.5
57.5
62.5
62.5
62.5
67.5
67.5
67.5
72.5
72.5
72.5
77.5
77.5
77.5
82.5
82.5
82.5
87.5
87.5
87.5
92.5
92.5
92.5
97.5
97.5
97.5
102.5
102.5
102.5
107.5
107.5
107.5
112.5
112.5
112.5
117.5
117.5
117.5
122.5
122.5
122.5
127.5
127.5
127.5
132.5
132.5
132.5
137.5
137.5
137.5
142.5
142.5
142.5
147.5
147.5
147.5
152.5
152.5
152.5
157.5
157.5
157.5
162.5
162.5
162.5
167.5
167.5
167.5
172.5
172.5
172.5
177.5
177.5
177.5
182.5
182.5
182.5
187.5
187.5
187.5
192.5
192.5
192.5
197.5
197.5
197.5
202.5
202.5
202.5
207.5
207.5
207.5
212.5
212.5
212.5
217.5
217.5
217.5
222.5
222.5
222.5
227.5
227.5
227.5
232.5
232.5
232.5
237.5
237.5
237.5
242.5
242.5
242.5
247.5
247.5
247.5
252.5
252.5
252.5
257.5
257.5
257.5
262.5
262.5
262.5
267.5
267.5
267.5
272.5
272.5
272.5
277.5
277.5
277.5
282.5
282.5
282.5
287.5
287.5
287.5
292.5
292.5
292.5
297.5
297.5
297.5
302.5
302.5
302.5
307.5
307.5
307.5
312.5
312.5
312.5
317.5
317.5
317.5
322.5
322.5
322.5
327.5
327.5
327.5
332.5
332.5
332.5
337.5
337.5
337.5
342.5
342.5
342.5
346
346
346
348
348
348
350
350
350
352
352
352
354
354
354
