0.23
0.23
5.84
5.84
16.78
16.78
22.37
22.37
33.55
33.55
39.13
39.13
47.5
47.5
48.25
48.25
53.5
53.5
59.5
59.5
71.5
71.5
77.5
77.5
83.5
83.5
89.5
89.5
95.5
95.5
107.5
107.5
113.5
113.5
119.5
119.5
125.5
125.5
131.5
131.5
137.5
137.5
145.5
145.5
157.5
157.5
175.5
175.5
187.5
187.5
193.5
193.5
199.5
199.5
205.5
205.5
211.5
211.5
217.5
217.5
223.5
223.5
235.5
235.5
243.5
243.5
249.5
249.5
255.5
255.5
261.5
261.5
267.5
267.5
273.5
273.5
285.5
285.5
291.5
291.5
297.5
297.5
315.5
315.5
327.5
327.5
340.5
340.5
346.5
346.5
352.5
352.5
370.5
370.5
376.5
376.5
385
385
388.5
388.5
400.5
400.5
412.5
412.5
418.5
418.5
430.5
430.5
442.5
442.5
446.5
446.5
452.5
452.5
458.5
458.5
464.5
464.5
470.5
470.5
482.5
482.5
494.5
494.5
506.5
506.5
512.5
512.5
518.5
518.5
530.5
530.5
536.5
536.5
548.5
548.5
554.5
554.5
560.5
560.5
566.5
566.5
570.5
570.5
571.75
571.75
572.25
572.25
572.75
572.75
573.75
573.75
575.5
575.5
581.5
581.5
599.5
599.5
610.5
610.5
614.75
614.75
626.5
626.5
638.5
638.5
643.5
643.5
649.5
649.5
661.5
661.5
679.5
679.5
691.5
691.5
697.5
697.5
703.5
703.5
709.5
709.5
715.5
715.5
727.5
727.5
733.5
733.5
738.5
738.5
750.5
750.5
758
758
768.5
768.5
780.5
780.5
786.5
786.5
798.5
798.5
804.5
804.5
816.5
816.5
827.5
827.5
829.5
829.5
835.5
835.5
847.5
847.5
859.5
859.5
871.5
871.5
883.5
883.5
889.5
889.5
895.5
895.5
897.5
897.5
899.5
899.5
