0
0
2.75
2.75
5
5
6.25
6.25
7.25
7.25
7.75
7.75
8.25
8.25
8.75
8.75
9.5
9.5
12.5
12.5
13.25
13.25
14.25
14.25
14.75
14.75
15
15
20
20
25.25
25.25
30
30
40
40
45.25
45.25
50
50
55.25
55.25
60
60
65.25
65.25
70
70
75.25
75.25
80
80
85.25
85.25
90
90
95.25
95.25
100
100
105.25
105.25
110
110
115.25
115.25
120
120
125.25
125.25
130
130
135.25
135.25
140
140
145.25
145.25
150
150
155.25
155.25
161
161
165.25
165.25
170
170
175.25
175.25
180
180
185.25
185.25
190
190
195.25
195.25
202
202
205.25
205.25
210
210
215.25
215.25
220
220
225.25
225.25
230
230
235.25
235.25
240
240
245.25
245.25
250
250
255.25
255.25
261
261
265.25
265.25
270
270
275.25
275.25
280
280
285.25
285.25
290
290
295.25
295.25
300
300
