338
348
358
368
378
388
398
408
418
428
438
445.5
455.5
465.5
475.5
485.5
495.5
505.5
515.5
525.5
535.5
542.5
552.5
562.5
572.5
582.5
592.5
602.5
612.5
622.5
632.5
642.5
652.5
662.5
672.5
682.5
692.5
702.5
712.5
722.5
732.5
742.5
752.5
762.5
772.5
782.5
792.5
802.5
812.5
832.5
842.5
852.5
862.5
872.5
882.5
892.5
902.5
912.5
922.5
932.5
942.5
952.5
962.5
972.5
982.5
992.5
1002.5
1012.5
1022.5
1032.5
1042.5
1052.5
1062.5
1072.5
1082.5
1092.5
1102.5
1112.5
1122.5
1132.5
1142.5
1152.5
1161.5
1172.5
1182.5
1192.5
1202.5
1212.5
1222.5
1232.5
1242.5
1252.5
1255.5
1265.5
1275.5
1285.5
1295.5
1305.5
1315.5
1325.5
1335.5
1345.5
1355.5
1365.5
1372.5
1375.5
1385.5
1395.5
1405.5
1414.5
1415.5
1425.5
1435.5
1445.5
1455.5
1465.5
1475.5
1485.5
1495.5
1505.5
1515.5
1525.5
1535.5
1545.5
1555.5
