0
4
8
10
12
16
20
24
28
32
36
40
44
48
52
56
58
60
64
68
72
76
80
84
88
92
96
100
104
106
108
112
116
120
124
128
132
136
140
144
148
152
156
160
164
168
172
176
180
184
188
192
196
200
204
208
212
216
220
224
228
232
236
240
244
248
252
256
260
261
262
264
266
268
270
272
274
276
278
280
282
284
286
288
290
292
294
296
298
300
302
304
306
308
309
310
312
314
316
318
320
322
323
326
328
330
332
334
336
338
340
342
344
346
348
350
352
354
356
358
360
362
364
366
368
370
372
374
378
383
388
393
398
