700
700
708
708
716
716
720
720
724
724
726
726
728
728
730
730
732
732
734
734
736
736
738
738
740
740
742
742
744
744
750
750
798
798
846
846
894
894
942
942
990
990
1038
1038
1086
1086
1134
1134
1182
1182
1230
1230
1278
1278
1326
1326
1374
1374
1422
1422
1470
1470
1518
1518
1566
1566
1614
1614
1662
1662
1710
1710
1758
1758
1806
1806
1854
1854
1902
1902
1950
1950
1998
1998
2046
2046
2094
2094
2142
2142
2190
2190
2238
2238
2286
2286
2334
2334
2382
2382
2430
2430
2478
2478
2526
2526
2574
2574
2622
2622
2675
2675
2766
2766
2814
2814
2862
2862
2921
2921
2958
2958
3006
3006
3054
3054
3077
3077
