0
0
7
7
17
17
27
27
33
33
35
35
37
37
47
47
49
49
51
51
52.5
52.5
57.5
57.5
67
67
69
69
71.5
71.5
73
73
77
77
85
85
90
90
100
100
110
110
115
115
120
120
125
125
130
130
135
135
140
140
150
150
155
155
160
160
170
170
180
180
185
185
190
190
195
195
200
200
210
210
220
220
235
235
255
255
270
270
285
285
310
310
330
330
345
345
360
360
380
380
385
385
390
390
400
400
406
406
433
433
448
448
471
471
485
485
510.5
510.5
520.5
520.5
534.5
534.5
550.5
550.5
564.5
564.5
584.5
584.5
604.5
604.5
622.5
622.5
646.5
646.5
653.5
653.5
661
661
677.5
677.5
682.5
682.5
693
693
704.5
704.5
714
714
727.5
727.5
733.5
733.5
757.5
757.5
762.5
762.5
770
770
810.5
810.5
815.5
815.5
820.5
820.5
824
824
826.5
826.5
833
833
836.5
836.5
841.5
841.5
845.5
845.5
855
855
865.5
865.5
870.5
870.5
874.5
874.5
884
884
901.5
901.5
914.5
914.5
918.5
918.5
927.3
927.3
933.8
933.8
938
938
949.5
949.5
953.5
953.5
965.5
965.5
970.5
970.5
978.5
978.5
983.5
983.5
989.5
989.5
998.5
998.5
1009
1009
1017.5
1017.5
1023.5
1023.5
1029.5
1029.5
1036
1036
1041.5
1041.5
1055.1
1055.1
1056.2
1056.2
1058.7
1058.7
1059.8
1059.8
1067
1067
1071
1071
1077.7
1077.7
1078.7
1078.7
1085.5
1085.5
1100.5
1100.5
