2.5
3.4
3.5
4.5
5.5
6.5
7.5
8.5
9.5
10.5
11.5
12.5
13.5
15.5
16.5
17.5
18.5
19.5
20.5
21.5
22.5
23.5
24.5
25.5
26.5
28.5
29.5
32.5
36.5
40.5
48.5
56.5
60.5
64.5
68.5
72.5
82.5
86.5
90.5
94.5
98.5
106.5
109.5
114.5
122.5
126.5
129.5
130.5
134.5
138.5
142.5
146.5
159.5
162.5
170.5
183.5
185.5
188.5
192.5
195.5
199.5
203.5
207.5
211.5
215.5
219.5
223.5
227.5
228.5
231.5
235.5
236.5
239.5
243.5
244.5
247.5
251.5
252.5
255.5
259.5
260.5
263.5
267.5
268.5
271.5
275.5
276.5
279.5
283.5
284.5
285.5
287.5
291.5
293.5
297.5
299.5
301.5
305.5
307.5
309.5
313.5
315.5
317.5
321.5
323.5
325.5
329.5
331.5
