0.99999998430675
16.9999993896174
36.9999990757523
56.9999987618873
77.0000018839962
97.0000015701311
116.999994384318
136.999999224414
157.00000406451
177.000000314671
196.999996564832
216.999992814993
237.000006245024
257.000002495185
276.999998745346
297.000012175376
316.999991245668
337.000004675699
356.999983745991
376.999997176021
397.000010606051
437.000003106374
476.999995606696
497.000009036726
557.000014967079
576.999994037371
617.000020897432
636.999999967724
677.000026827784
737.000032758137
796.999969969013
856.999975899365
916.999981829718
976.999987760071
1037.00001087029
1057.00004148019
