5.54688
11.07
19.5
24.08
27.93
32.02
36.11
39.96
44.06
47.91
52
56.09
60
64
68
72
76
80
84
88
92
96
100
104
108
112
116.6
120.2
124
128
132
136
140
144
148
152
156
159.5
161
162
163
164
165
166
168
169
170
171
172
173
174
175
176
177
178
179
180
181
182
183
184
185
186
187
188
189
190
192
194
196
198
199
200
202
204
206
209
210
212
214
220
224
228
232
236
240
244
248
252
256
260
264
268
272
276
280
284
288
292
296
300
304
308
312.7
321
331
341
351
361
371
381
391
401
411
419.9639
429.366
439.7577
449.6546
459.5515
469.4485
479.3454
