903.5
911.5
919.5
927.5
935.5
943.5
951.5
959.5
967.5
975.5
982.5
991.5
999.5
1007.5
1015.5
1023.5
1031.5
1039.5
1047.5
1055.5
1063.5
1071.5
1079.5
1087.5
1095.5
1099.5
1103.5
1108.5
1124.5
1127.5
1131.5
1135.5
1139.5
1143.5
1147.5
1151.5
1155.5
1159.5
1163.5
1167.5
1171.5
1175.5
1179.5
1183.5
1187.5
1191.5
1194.5
1199.5
1203.5
1207.5
1211.5
1215.5
1219.5
1223.5
1231.5
1234.5
1239.5
1242.5
1250.5
1258.5
1266.5
1274.5
1282.5
1290.5
1298.5
1306.5
1313.5
1321.5
1329.5
1337.5
1345.5
1352.5
1360.5
1368.5
1376.5
