527.25
529.25
531.25
533.25
535.25
537.25
539.25
541.25
545.25
547.25
549.25
551.25
553.25
555.25
557.25
559.25
561.25
563.25
565.25
567.25
569.25
571.25
573.25
575.25
577.25
579.25
581.25
583.25
585.25
587.25
589.25
591.25
595.25
599.25
603.25
607.25
611.25
615.25
619.25
623.25
629.25
633.25
637.25
641.25
645.25
649.25
653.25
657.25
661.25
665.25
667.75
669.25
671.25
677.25
679.25
681.25
683.25
685.25
687.25
689.25
691.25
693.25
695.25
697.25
703.25
705.25
707.25
709.25
711.25
713.25
715.25
717.25
719.25
721.25
727.25
730.25
735.25
739.25
