180
180
190
190
200
200
210
210
220
220
230
230
240
240
250
250
260
260
270
270
285
285
300
300
310
310
320
320
340
340
360
360
380
380
400
400
420
420
441
441
461
461
480
480
501
501
521
521
541
541
582
582
602
602
622
622
642
642
660
660
680
680
700
700
730
730
750
750
798
798
808
808
818
818
828
828
837
837
857
857
877
877
897
897
917
917
944
944
1060
1060
1080
1080
1100
1100
1120
1120
1140
1140
1160
1160
1200
1200
1220
1220
1240
1240
1300
1300
1320
1320
1336
1336
1375
1375
1395
1395
1415
1415
1440
1440
1460
1460
1480
1480
1512
1512
1532
1532
1552
1552
1572
1572
1621
1621
1641
1641
1727
1727
1747
1747
1767
1767
1800
1800
1820
1820
1840
1840
1850
1850
1896
1896
1916
1916
1956
1956
1997
1997
2017
2017
2037
2037
2077
2077
2140
2140
2160
2160
2202
2202
2222
2222
2242
2242
2279
2279
2299
2299
