40
40
45
45
65
65
85
85
110
110
125
125
145
145
160
160
180
180
200
200
240
240
250
250
255
255
270
270
290
290
310
310
330
330
350
350
370
370
390
390
405
405
420
420
435
435
450
450
465
465
475
475
500
500
510
510
525
525
540
540
560
560
580
580
600
600
620
620
640
640
660
660
675
675
680
680
700
700
720
720
740
740
760
760
780
780
800
800
820
820
840
840
860
860
880
880
895
895
910
910
920
920
940
940
955
955
970
970
985
985
1005
1005
1020
1020
1040
1040
1055
1055
1070
1070
1080
1080
1100
1100
1115
1115
1130
1130
1145
1145
1160
1160
1180
1180
1195
1195
1210
1210
1225
1225
1245
1245
1265
1265
1280
1280
1300
1300
1320
1320
1340
1340
1360
1360
