0
0
10
10
30
30
50
50
70
70
90
90
120
120
130
130
140
140
150
150
160
160
180
180
195
195
210
210
225
225
240
240
250
250
260
260
275
275
290
290
305
305
310
310
320
320
330
330
335
335
340
340
350
350
360
360
370
370
375
375
380
380
390
390
400
400
405
405
420
420
440
440
446
446
455
455
460
460
465
465
470
470
475
475
480
480
490
490
500
500
505
505
510
510
520
520
530
530
535
535
539
539
550
550
560
560
570
570
580
580
590
590
600
600
610
610
621
621
630
630
641
641
645
645
650
650
660
660
675
675
681
681
690
690
700
700
705
705
710
710
720
720
730
730
740
740
746
746
756
756
766
766
775
775
776
776
786
786
791
791
795
795
796
796
801
801
806
806
816
816
826
826
829
829
833
833
835
835
840
840
842
842
850
850
851
851
852
852
854
854
856
856
857
857
859
859
860
860
862
862
864
864
865
865
868
868
870
870
873
873
874
874
875
875
878
878
880
880
885
885
890
890
897
897
902
902
907
907
915
915
923
923
928
928
951
951
990
990
1006
1006
1041
1041
1058
1058
1086
1086
1156
1156
1168
1168
