460.2
551.2
580.6
664.3
774.8
817.9
870.4
947.9
966.9
970.9
980.4
990.4
1010.7
1021.2
1024.7
1033.2
1039.7
1050.7
1071.2
1080.2
1092.7
1105.2
1115.7
1119.7
1124.7
1131.7
1145.6
1161.1
1171.1
1181.1
1191.1
1201.1
1210.1
1221.1
1231.1
1241.1
1251.1
1261.1
1271.1
1283.6
1293.6
1306.1
1314.6
1323.6
1333.6
1342.6
1351.1
1361.1
1371.1
1379.6
1388.1
1396.1
1404.6
1412.6
1421.1
1432.1
1443.1
1453.1
1471.1
1493.6
1511.1
1551.1
1568.6
1591.1
1611.1
1631
1671
1706
1726
1744.5
1771
1791
1811
1828.5
1851
1871
1891
1910
1931.1
1951.1
1966.6
1979.1
1991
1996.1
2006.1
2016.1
2027.8
2032.3
2036.1
2036.6
2047
2056
2066
2085
2094.5
2102.5
2111
2121
2129.9
2140.9
2150.9
2163.3
2174.7
2176.2
2188.7
2201.1
2211.1
2221.1
2239.6
2250.1
2261.1
2271.1
2281.1
2291.1
2303.1
2314.6
2326
2338.5
2351
2368.5
2373.5
2382.5
2401
2411
2421
2439
2456
2465.5
2475.5
2490.4
2505.7
2510.1
2521
2531
2539.4
2550.8
2559.2
2569
2579
2591
2603
2612.5
2625
2637
2651
2662.5
2676
2688.5
2701
2713.5
2738.4
2751.3
2762.1
2776.1
2788.5
2798.9
2800.8
2810.8
2820.7
2830.6
2840.6
2860.9
2870.9
2880.8
2891.2
2904.1
2914
2935.8
2945.2
2953.7
2962.4
2972.6
2982.5
2992.5
3000.2
3002.5
3026
3044.4
3064.2
3081.1
3097.9
3114.8
3132.7
3173
