0.5
4.5
12.5
20.5
28.5
36.5
44.5
52.5
60.5
68.5
76.5
84.5
96.5
104.5
112.5
120.5
128.5
136.5
144.5
152.5
160.5
168.5
176.5
184.5
196.6
204.7
212.7
220.8
228.9
237
245.1
253.2
259.2
261.2
263.3
265.3
267.3
269.3
271.3
273.4
275.4
277.4
279.4
281.4
283.5
285.5
287.5
288.5
290.5
292.5
294.6
296.6
298.6
300.6
302.6
304.7
306.7
308.7
310.7
312.7
314.8
316.8
318.8
320.8
322.8
324.9
328.9
337
345.1
353.2
361.2
369.3
377.4
385.5
396.6
404.7
412.7
420.8
428.9
437
445.1
453.2
461.2
469.3
477.4
485.5
496.9
505.2
513.5
521.9
530.2
538.5
