3
3
11
11
19
19
27
27
35
35
43
43
51
51
59
59
67
67
76
76
80
80
86
86
94
94
102
102
110
110
118
118
126
126
134
134
142
142
150
150
158
158
166
166
174
174
182
182
193
193
201
201
209
209
218
218
226
226
234
234
242
242
250
250
258
258
266
266
274
274
282
282
286
286
290
290
298
298
306
306
314
314
322
322
330
330
346
346
354
354
362
362
370
370
378
378
390
390
398
398
406
406
414
414
430
430
438
438
446
446
462
462
470
470
486
486
506
506
522
522
531
531
546
546
562
562
570
570
588
588
604
604
620
620
635
635
652
652
668
668
681
681
701
701
721
721
741
741
