1036.5
1151.5
1200.5
1210.5
1220.5
1230.5
1240.5
1270.5
1280.5
1286.5
1290.5
1300.5
1323.5
1330.5
1340.5
1381.5
1390.5
1400.5
1410.5
1420.5
1440.5
1450.5
1460.5
1470.5
1500.5
1503.5
1510.5
1511.5
1513.5
1515.5
1517.5
1519.5
1520.5
1521.5
1523.5
1525.5
1527.5
1530.5
1532.5
1535.5
1539.5
1540.5
1541.5
1543.5
1546.5
1555.5
1560.5
1565.5
1570.5
1572.5
1575.5
1580.5
1581.5
1585.5
1590.5
1592.5
1595.5
1600.5
1605.5
1607.5
1610.5
1615.5
1620.5
1625.5
1630.5
1635.5
1640.5
1645.5
1650.5
1655.5
1660.5
1662.5
1665.5
1667.5
1670.5
1672.5
1680.5
1682.5
1685.5
1687.5
1690.5
1692.5
1695.5
1697.5
1700.5
1702.5
1706.5
1710.5
1715.5
1717.5
1720.5
1730.5
1740.5
1750.5
1760.5
1768.5
1770.5
1780.5
1790.5
1805.5
1820.5
1830.5
1840.5
1860.5
1864.5
1870.5
1880.5
1890.5
1900.5
1910.5
1940.5
1952.5
1960.5
1970.5
1990.5
2000.5
2010.5
2022.5
2030.5
2040.5
2050.5
2060.5
2070.5
2074.5
2080.5
2090.5
2095.5
2110.5
2112.5
2117.5
2122.5
2127.5
2130.5
2132.5
2135.5
2140.5
2142.5
2147.5
2153.5
2170.5
2172.5
2177.5
2180.5
2187.5
2190.5
2192.5
2197.5
2202.5
2207.5
2212.5
2215.5
2218.5
2241.5
2247.5
2250.5
2256.5
2260.5
2262.5
2264.5
2268.5
2270.5
2272.5
2275.5
2277.5
2279.5
2280.5
2282.5
2287.5
2290.5
2292.5
2297.5
2300.5
2302.5
2307.5
2310.5
2320.5
2330.5
2341.5
2344.5
2350.5
2360.5
2370.5
2380.5
2390.5
2400.5
2404.5
2420.5
2430.5
2461.5
2470.5
2476.5
2480.5
2490.5
2540.5
2550.5
2560.5
2570.5
2571.5
2581.5
2590.5
2598.5
2610.5
2620.5
2630.5
2650.5
2660.5
2670.5
2680.5
2690.5
2710.5
2720.5
2726.5
2730.5
2740.5
2750.5
2765.5
2770.5
2780.5
2790.5
2795.5
2800.5
2805.5
2810.5
2812.5
2817.5
2820.5
2822.5
2827.5
2830.5
2832.5
2837.5
2840.5
2842.5
2850.5
2852.5
2855.5
2857.5
2860.5
2862.5
2867.5
2870.5
2872.5
2877.5
2880.5
2900.5
2902.5
2907.5
2910.5
2915.5
2920.5
2930.5
2940.5
2950.5
2960.5
2970.5
2980.5
2990.5
3000.5
