0
0.5
2
4
6
8
10
12
15
20
25
32
35
40
45
50
55
60
65
70
100
110
120
130
140
150
160
170
180
190
200
210
220
230
240
250
260
270
280
285
290
295
300
301
302
303
304
305
306
307
308
309
310
311
312
313
314
315
316
326
328
329
330
331
332
333
334
335
336
337
338
339
340
341
342
343
344
345
346
347
348
349
350
351
352
353
354
355
356
357
358
359
360
361
362
363
364
365
366
367
368
369
370
371
372
373
374
375
376
377
379
380
381
382
383
384
385
386
387
388
389
390
391
392
393
394
395
396
397
398
399
