2
2
2
30
30
30
46
46
46
55
55
55
75
75
75
85
85
85
97
97
97
105
105
105
115
115
115
124
124
124
135
135
135
145
145
145
150
150
150
155
155
155
160
160
160
165
165
165
170
170
170
175
175
175
180
180
180
185
185
185
190
190
190
195
195
195
200
200
200
205
205
205
210
210
210
215
215
215
217
217
217
220
220
220
222
222
222
225
225
225
230
230
230
235
235
235
240
240
240
245
245
245
250
250
250
255
255
255
260
260
260
265
265
265
270
270
270
275
275
275
280
280
280
285
285
285
290
290
290
295
295
295
305
305
305
315
315
315
325
325
325
335
335
335
345
345
345
358
358
358
365
365
365
375
375
375
385
385
385
395
395
395
405
405
405
412
412
412
425
425
425
445
445
445
465
465
465
485
485
485
505
505
505
515
515
515
525
525
525
545
545
545
565
565
565
585
585
585
605
605
605
625
625
625
645
645
645
