1
2
3
4
5
6
7
8
9
10
11
12
13
14
15
16
17
18
19
20
21
22
23
24
25
26
27
28
29
30
31
32
33
34
35
36
37
38
39
40
50
60
70
80
90
100
113.16
126.32
139.48
152.64
165.8
178.96
192.12
204.94
217.76
230.58
243.4
256.22
269.04
281.86
294.68
307.18
319.68
332.18
344.68
357.18
369.68
382.18
394.68
406.88
419.07
431.27
443.46
455.66
467.85
480.05
492.25
504.37
516.49
528.61
540.73
552.85
564.97
577.09
589.21
601.41
613.61
625.8
638
650.19
662.39
674.58
686.78
698.9
711.02
723.14
735.26
747.38
759.5
771.62
783.75
795.87
808.26
820.91
833.57
846.23
858.89
871.55
884.21
