0.25
0.75
1.25
1.75
2.25
2.75
3.25
3.75
4.25
4.75
5.25
5.75
6.25
6.75
7.25
7.75
8.25
8.75
9.25
9.75
10.25
10.75
11.25
11.75
12.25
12.75
13.25
13.75
14.25
14.75
15.25
15.75
16.25
16.75
17.25
17.75
18.25
18.75
19.25
19.75
20.25
20.75
21.25
21.75
22.25
22.75
23.25
23.75
24.25
24.75
25.25
25.75
26.25
26.75
27.25
27.75
28.25
28.75
29.25
29.75
30.25
30.75
31.25
31.75
32.25
32.75
33.25
33.75
34.25
34.75
35.25
35.75
36.25
36.75
37.25
37.75
38.25
39.05
39.75
41.25
42.25
42.75
43.25
44.25
44.75
45.25
45.75
46.25
46.75
47.25
48.25
48.75
49.75
50.25
51.25
51.75
52.75
53.25
54.25
