0.5
0.5
0.5
9.5
9.5
9.5
19.5
19.5
19.5
28.5
28.5
28.5
38.5
38.5
38.5
49
49
49
58
58
58
69
69
69
78
78
78
89
89
89
99
99
99
109
109
109
119
119
119
129
129
129
139
139
139
149
149
149
159
159
159
170
170
170
181
181
181
189
189
189
199
199
199
209
209
209
219
219
219
229
229
229
239
239
239
249
249
249
259
259
259
269
269
269
279
279
279
289
289
289
299
299
299
309
309
309
319
319
319
329
329
329
341
341
341
350
350
350
358
358
358
369
369
369
379
379
379
387
387
387
394
394
394
399
399
399
403
403
403
408
408
408
412
412
412
416
416
416
420
420
420
424
424
424
428
428
428
432
432
432
437
437
437
441
441
441
