5
5
5
10
10
10
15
15
15
20
20
20
25
25
25
30
30
30
40
40
40
44
44
44
50
50
50
60
60
60
65
65
65
70
70
70
80
80
80
90
90
90
95
95
95
100
100
100
110
110
110
115
115
115
120
120
120
125
125
125
130
130
130
132
132
132
136
136
136
137
137
137
141
141
141
143
143
143
145
145
145
150
150
150
160
160
160
165
165
165
170
170
170
180
180
180
190
190
190
195
195
195
200
200
200
210
210
210
220
220
220
230
230
230
235
235
235
240
240
240
245
245
245
250
250
250
260
260
260
266
266
266
270
270
270
274
274
274
277
277
277
