41
41
41
41
56
56
56
56
51
51
51
51
71
71
71
71
91
91
91
91
101
101
101
101
111
111
111
111
81
81
81
81
61
61
61
61
131
131
131
131
136
136
136
136
146
146
146
146
151
151
151
151
156
156
156
156
161
161
161
161
171
171
171
171
141
141
141
141
181
181
181
181
191
191
191
191
201
201
201
201
211
211
211
211
221
221
221
221
231
231
231
231
241
241
241
241
246
246
246
246
261
261
261
261
251
251
251
251
276
276
276
276
271
271
271
271
281
281
281
281
291
291
291
291
301
301
301
301
306
306
306
306
311
311
311
311
316
316
316
316
321
321
321
321
326
326
326
326
341
341
341
341
331
331
331
331
351
351
351
351
361
361
361
361
381
381
381
381
370
370
370
370
121
121
121
121
