0
0
0.5
0.5
2.5
2.5
4
4
6
6
8.5
8.5
10.5
10.5
12.5
12.5
14.5
14.5
16.5
16.5
18
18
20
20
22
22
24
24
26
26
28
28
30
30
32
32
34
34
36
36
38
38
40
40
42
42
44
44
46
46
48
48
50
50
52
52
54
54
56
56
58
58
60
60
62.5
62.5
65
65
67.5
67.5
70
70
75
75
77.5
77.5
80
80
82.5
82.5
85
85
87.5
87.5
90
90
92.5
92.5
95
95
97.5
97.5
100
100
102.5
102.5
105
105
107.5
107.5
110
110
112.5
112.5
115
115
117.5
117.5
120
120
125
125
130
130
135
135
140
140
145
145
150
150
155
155
160
160
165
165
175
175
185
185
195
195
205
205
215
215
225
225
230
230
235
235
245
245
260
260
267
267
275
275
285
285
295
295
305
305
315
315
325
325
335
335
338
338
345
345
348
348
358
358
368
368
378
378
382
382
387
387
392
392
