0
0
0
0
0
10
10
10
10
10
30
30
30
30
30
50
50
50
50
50
70
70
70
70
70
90
90
90
90
90
110
110
110
110
110
130
130
130
130
130
150
150
150
150
150
170
170
170
170
170
190
190
190
190
190
220
220
220
220
220
240
240
240
240
240
270
270
270
270
270
290
290
290
290
290
335
335
335
335
335
365
365
365
365
365
375
375
375
375
375
385
385
385
385
385
410
410
410
410
410
440
440
440
440
440
490
490
490
490
490
540
540
540
540
540
580
580
580
580
580
610
610
610
610
610
620
620
620
620
620
632
632
632
632
632
640
640
640
640
640
650
650
650
650
650
660
660
660
660
660
