0
4
8
12
16
20
24
28
32
36
40
44
48
52
56
60
64
68
72
76
80
84
88
92
96
100
104
108
112
116
120
124
128
132
136
140
144
148
151
154
159
164
167
172
176
180
184
188
192
196
198
202
206
210
214
218
222
225
230
234
238
242
246
250
254
258
262
266
270
274
278
282
286
290
294
298
302
306
310
314
318
322
326
330
334
338
342
346
350
354
358
362
366
370
374
378
390
410
430
450
460
470
480
490
500
505
510
520
530
550
560
565
570
575
580
590
610
630
650
660
665
670
675
680
690
710
730
750
770
790
810
830
840
850
860
870
890
910
930
950
960
970
980
990
1000
1010
1020
1030
1040
1050
1070
1090
1110
1130
1150
1170
1190
1210
1230
1250
