6
6
11
11
16
16
21
21
26
26
31
31
36
36
41
41
46
46
51
51
56
56
61
61
66
66
71
71
76
76
81
81
85
85
89
89
94
94
99
99
104
104
109
109
114
114
119
119
124
124
129
129
134
134
139
139
144
144
149
149
154
154
159
159
164
164
169
169
174
174
176
176
204
204
209
209
214
214
219
219
224
224
229
229
234
234
239
239
244
244
249
249
254
254
259
259
264
264
269
269
274
274
276
276
299
299
303
303
308
308
313
313
318
318
323
323
328
328
333
333
338
338
345
345
348
348
353
353
358
358
363
363
368
368
373
373
