1
2
4
6
8
10
12
14
16
18
20
22
24
26
28
30
32
34
36
38
40
44
52
56
60
64
72
80
88
96
104
112
120
128
136
144
152
160
168
176
180
188
196
204
212
220
224
240
248
256
260
264
272
280
288
296
304
312
320
328
336
344
352
358
360
368
376
384
392
396
400
404
408
416
424
432
440
444
448
452
456
472
476
480
496
506
516
536
546
556
566
576
596
616
636
656
676
696
706
716
726
736
756
776
796
806
816
826
836
846
856
866
876
886
896
906
916
926
936
946
956
966
976
996
1016
1036
1056
1076
1096
1116
1126
1130
1146
1156
1176
1196
1216
1236
1256
1276
1296
1316
1356
