0.5
8.5
16.5
24.5
32.5
40.5
48.5
56.5
64.5
72.5
80.5
88.5
96.5
104.5
112.5
120.5
128.5
136.5
144.5
152.5
160.5
168.5
176.5
184.5
192.5
200.5
208.5
216.5
224.5
232.5
240.5
248.5
256.5
264.5
272.5
280.5
288.5
296.5
304.5
312.5
320.5
328.5
336.5
344.5
352.5
360.5
368.5
376.5
384.5
392.5
400.5
408.5
416.5
424.5
432.5
440.5
448.5
456.5
464.5
472.5
480.5
488.5
496.5
504.5
512.5
520.5
528.5
536.5
544.5
552.5
560.5
568.5
576.5
584.5
592.5
600.5
608.5
616.5
624.5
632.5
640.5
648.5
656.5
664.5
672.5
680.5
688.5
696.5
704.5
712.5
720.5
728.5
736.5
744.5
750.5
756.5
762.5
768.5
774.5
780.5
786.5
792.5
798.5
804.5
810.5
816.5
822.5
828.5
834.5
840.5
846.5
852.5
858.5
864.5
870.5
876.5
882.5
888.5
894.5
900.5
908.5
912.5
918.5
924.5
928.5
930.5
942.5
948.5
954.5
968.5
972.5
978.5
984.5
990.5
996.5
1002.5
1008.5
1014.5
1020.5
1026.5
1032.5
1044.5
1048.5
1050.5
1056.5
