83
86
96
106
116
124
189
209
218
230
241
253
266
288
300
311
321
331
341
350
360
369
386
396
406
416
426
435
445
455
457
459
461
463
465
467
469
471
473
475
477
479
481
491
500
540
560
570
581
590
620
630
650
670
689
722
772
799
820
830
840
870
880
916
936
966
976
1020
1030
1040
1050
1060
1070
1078
1121
1131
1141
1153
1164
1174
1184
1220
1230
1270
1280
1284
1323
1343
1353
1358
1370
1382
1417
1427
1434
1444
1466
1523
1531
1542
1551
1562
1618
1627
1637
1662
1715
1723
1731
1751
1760
1821
1831
1841
1851
1861
1869
1915
1924
1934
1944
1954
1964
1973
2016
2026
2037
2046
2056
2065
2074
2113
2133
2138
2144
