0.8
0.8
16.5
16.5
24
24
32.7
32.7
38.1
38.1
43.5
43.5
48.3
48.3
52.2
52.2
63.1
63.1
70.8
70.8
78.4
78.4
85.5
85.5
93
93
100
100
106.5
106.5
113
113
120
120
127.5
127.5
134.5
134.5
142
142
149.5
149.5
157
157
164.5
164.5
172
172
179.5
179.5
184.5
184.5
189
189
194.5
194.5
199
199
203.5
203.5
208.5
208.5
213.5
213.5
218.5
218.5
222.5
222.5
228.5
228.5
233.5
233.5
240.5
240.5
249.5
249.5
258.5
258.5
271.5
271.5
283.5
283.5
292
292
299.5
299.5
306
306
312.5
312.5
319.5
319.5
326.5
326.5
333.5
333.5
341
341
348.9
348.9
358.5
358.5
364.5
364.5
383.5
383.5
408.5
408.5
433.5
433.5
458.5
458.5
483.5
483.5
508.5
508.5
528.5
528.5
558
558
583
583
608
608
631.5
631.5
657
657
682
682
707
707
732
732
