69
1037
1037
1037
1029
1029
1029
1021
1021
1021
1013
1013
1013
1005
1005
1005
997
997
997
989
989
989
981
981
981
973
973
973
965
965
1045
1045
1045
1053
1053
1053
1069
1069
1069
1077
1077
1077
1093
1093
1093
1101
1101
1101
1109
1109
1109
1117
1117
1117
1133
1133
1133
1141
1141
1141
1149
1149
1149
1165
1165
1165
1173
1173
1173
1181
1181
1181
1189
1189
1189
1197
1197
1197
1205
1205
1205
1213
1213
1213
1221
1221
1221
1229
1229
1229
1237
1237
1237
1249
1249
1249
1261
1261
1261
1269
1269
1269
1277
1277
1277
1285
1285
1285
1289
1289
1289
1293
1293
1293
1301
1301
1301
1309
1309
1309
1317
1317
1317
1325
1325
1325
1341
1341
1341
1349
1349
1349
1357
1357
1357
1365
1365
1365
1369
1369
1369
1373
1373
1373
1381
1381
1381
1389
1389
1389
1397
1397
1397
1414
1414
1414
1422
1422
1422
1430
1430
1430
1434
1434
1434
1438
1438
1438
1446
1446
1446
1454
1454
1454
1462
1462
1462
1470
1470
1470
1487
1487
1487
1503
1503
1503
1511
1511
1511
1519
1519
1519
1535
1535
1535
1577
1577
1577
1585
1585
1585
1593
1593
1593
1601
1601
1601
1605
1605
1605
1613
1613
1613
1640
1640
1640
1648
1648
1648
1656
1656
1656
1664
1664
1664
1672
1672
1672
1680
1680
1680
1688
1688
1688
1696
1696
1696
1704
1704
1704
965
949
949
949
945
945
945
941
941
941
937
937
937
921
921
921
913
913
913
905
905
905
897
897
897
889
889
889
881
881
881
877
877
877
873
873
873
865
865
865
845
845
845
837
837
837
829
829
829
821
821
821
813
813
813
805
805
805
797
797
797
789
789
789
781
781
781
773
773
773
765
765
765
757
757
757
749
749
749
741
741
741
733
733
733
725
725
725
717
717
717
709
709
709
701
701
701
693
693
693
685
685
685
677
677
677
669
669
669
653
653
653
645
645
645
637
637
637
629
629
629
621
621
621
613
613
613
605
605
605
597
597
597
589
589
589
581
581
581
573
573
573
565
565
565
557
557
557
553
553
553
549
549
549
541
541
541
533
533
533
525
525
525
517
517
517
509
509
509
501
501
501
493
493
493
485
485
485
477
477
477
469
469
469
457
457
457
453
453
453
445
445
445
437
437
437
429
429
429
421
421
421
413
413
413
405
405
405
397
397
397
389
389
389
381
381
381
373
373
373
365
365
365
349
349
349
341
341
341
333
333
333
325
325
325
317
317
317
309
309
309
301
301
301
297
297
297
293
293
293
285
285
285
277
277
277
269
269
269
261
261
261
253
253
253
245
245
245
237
237
237
229
229
229
221
221
221
213
213
213
205
205
205
197
197
197
189
189
189
181
181
181
173
173
173
165
165
165
157
157
157
149
149
149
141
141
141
133
133
133
117
117
117
113
113
113
105
105
105
101
101
101
93
93
93
85
85
85
77
77
77
69
69
