0
0
6.2
6.2
12.4
12.4
18.6
18.6
25
25
29.76
29.76
39
39
44
44
54
54
59
59
69
69
75
75
80
80
85
85
90
90
95
95
100
100
105
105
110
110
115
115
120
120
125
125
135
135
140
140
145
145
150
150
155
155
160
160
165
165
176
176
186
186
191
191
196
196
201
201
206
206
211
211
216
216
221
221
226
226
231
231
236
236
241
241
246
246
251
251
256
256
260
260
265
265
270
270
275
275
280
280
285
285
290
290
295
295
300
300
305
305
310
310
315
315
319
319
320
320
325
325
329
329
335
335
344
344
354
354
359
359
364
364
369
369
374
374
379
379
384
384
389
389
394
394
399
399
404
404
409
409
412.5
412.5
415
415
420
420
425
425
430
430
435
435
445
445
455
455
458
458
463
463
468
468
470
470
474
474
478
478
488
488
495.5
495.5
497.5
497.5
