1020
2331
2327
2323
2315
2311
2307
2299
2295
2291
2287
2283
2279
2275
2267
2263
2259
2255
2251
2247
2243
2239
2235
2231
2227
2223
2219
2215
2211
2203
2199
2195
2191
2187
2183
2179
2175
2171
2167
2339
2343
2347
2351
2355
2384
2388
2390
2398
2402
2406
2410
2414
2422
2424
2426
2428
2430
2434
2432
2435
2435.9
2436.8
2437.7
2438.6
2439.5
2440.4
2441.3
2442.2
2443.1
2444
2444.9
2445.8
2446.7
2447.6
2448.5
2449.4
2450.3
2451.2
2452.1
2453
2453.9
2454.8
2455.7
2456.6
2457.5
2458.4
2459.3
2460.2
2461.1
2462
2462.9
2463.8
2464.7
2465.6
2466.5
2467.4
2468
2468.5
2469.5
2471.1
2472.8
2474
2474.8
2475.5
2476
2477
2477.8
2479
2480.2
2481.3
2482.5
2483.2
2484.7
2486.5
2488
2490
2493
2498
2506
2510
2513
2517
2521
2525
2530
2534
2538
2542
2550
2558
2562
2570
2574
2554
2582
2578
2586
2594
2598
2602
2604
2606
2610
2622
2626
2630
2634
2642
2646
2618
2654
2658
2662
2650
2666
2678
2682
2686
2690
2694
2674
2698
2702
2710
2714
2718
2722
2726
2730
2734
2738
2706
2742
2744
2748
2752
2756
2760
2764
2768
2772
2776
2780
2784
2788
2792
2796
2800
2802
2806
2810
2818
2822
2826
2842
2814
2163
2159
2155
2151
2147
2143
2139
2131
2127
2123
2119
2115
2111
2107
2103
2099
2095
2091
2087
2083
2079
2075
2071
2067
2063
2059
2055
2051
2047
2043
2042
2040
2036
2032
2028
2024
2020
2016
2012
2008
2004
2000
1992
1988
1984
1980
1976
1972
1968
1964
1960
1956
1952
1944
1940
1936
1932
1928
1920
1916
1912
1908
1904
1900
1896
1892
1888
1884
1880
1872
1868
1864
1860
1856
1852
1848
1844
1840
1836
1832
1828
1824
1820
1816
1812
1808
1804
1800
1796
1792
1788
1784
1780
1776
1772
1768
1764
1760
1756
1751
1749
1747
1745
1743
1739
1737
1735
1733
1731
1729
1725
1723
1721
1719
1715
1713
1711
1709
1707
1705
1701
1699
1697
1696
1692
1688
1684
1680
1676
1672
1668
1664
1660
1656
1652
1648
1644
1640
1636
1632
1628
1624
1620
1616
1612
1608
1604
1600
1596
1592
1588
1584
1580
1576
1572
1568
1564
1560
1556
1552
1550
1548
1546
1544
1540
1538
1536
1534
1532
1528
1526
1522
1520
1518
1516
1512
1508
1504
1502
1500
1496
1494
1492
1490
1488
1486
1484
1480
1476
1475
1472
1470
1466
1464
1462
1460
1458
1456
1454
1452
1450
1446
1444
1442
1440
1436
1432
1430
1428
1426
1424
1420
1416
1414
1410
1408
1406
1404
1400
1398
1394
1392
1390
1388
1384
1380
1378
1374
1372
1368
1366
1362
1360
1356
1354
1352
1350
1348
1344
1340
1338
1336
1334
1332
1330
1328
1324
1322
1320
1316
1312
1308
1304
1300
1296
1292
1288
1284
1280
1276
1272
1268
1264
1260
1256
1252
1248
1244
1240
1236
1232
1228
1224
1220
1216
1212
1208
1204
1200
1196
1192
1188
1184
1180
1176
1172
1167
1164
1160
1156
1152
1148
1144
1140
1136
1132
1128
1124
1120
1116
1112
1110
1108
1104
1102
1100
1098
1096
1094
1093
1092
1091
1090
1089
1088
1087
1086
1085
1084
1083
1082
1080
1079
1078
1077
1076
1075
1073
1072
1071
1070
1069
1068
1066
1065
1064
1063
1062
1061
1059
1058
1057
1056
1055
1054
1053
1052
1050
1048
1044
1040
1036
1032
1028
1024
