1.5
9.5
15.5
19.5
25.5
29.5
35.5
39.5
45.5
49.5
55.5
59.5
65.5
69.5
75.5
79.5
85.5
89.5
96.5
100.5
106.5
110.5
116.5
120.5
126.5
129.5
133.5
137.5
143.5
147.5
153.5
157.5
163.5
167.5
173.5
177.5
183.5
187.5
189.5
196.5
200.5
206.5
210.5
216.5
220.5
226.5
230.5
236.5
240.5
246.5
250.5
256.5
260.5
266.5
268.5
270.5
272.5
274.5
276.5
277.5
278.5
279.5
280.5
281.5
283.5
286.5
290.5
291.5
296.5
301.5
306.5
311.5
316.5
321.5
326.5
330.5
334.5
340.5
350.5
354.5
360.5
364.5
370.5
374.5
380.5
381.5
389.5
394.5
399.5
404.5
409.5
419.5
429.5
434.5
439.5
449.5
459.5
464.5
