20
40
50
60
80
100
120
140
150
160
172
215
220
240
260
290
320
340
370
380
396
400
420
440
460
497
520
550
560
590
620
640
660
690
720
740
760
780
802
830
860
880
900
930
950
970
1000
1030
1060
1150
1210
1250
1270
1320
1380
1410
1440
1470
1570
1600
1670
1700
1760
1790
1820
1840
1900
1930
1960
2000
2009
2100
2140
2170
2200
2230
2260
2300
2330
2370
2410
2440
2480
2510
2540
2570
2600
2610
2630
2660
2700
2740
2770
2800
2830
2890
2909
2910
2990
3020
3040
3080
3120
3150
3180
3209
3220
3250
3280
3320
3360
3400
3430
3450
3460
3509
3520
3550
3610
3650
3680
3710
3750
3790
3808
3820
3850
3870
3900
3930
3960
4000
4060
4100
4108
4150
4180
4260
4280
4310
4350
4380
4390
4420
4490
4520
4540
4580
4640
4670
4700
4710
4720
4760
4830
4860
4930
4950
4980
5009
5020
5050
5080
5120
5150
5220
5250
5280
5299
5320
5360
5380
5400
5440
5520
5550
5560
5570
5610
5630
5690
5720
5740
5770
5790
5820
5860
5880
5920
5940
5960
5980
6000
6020
6040
6060
6070
6090
6095
6110
6170
6190
6200
6240
6260
6280
6300
6310
6325
6340
6360
6380
6410
6440
6460
6480
6500
6520
6540
6560
6570
6590
6600
6620
6641
6650
6670
6690
6710
6725
6740
6760
6775
6790
6810
6820
6835
6850
6870
6890
6910
6930
6950
6990
7020
7140
7170
7190
7230
7270
7300
7310
7320
7350
7390
7420
7450
7500
7530
7560
7580
7610
7650
7700
7730
7750
7800
7880
7920
7960
8000
8030
8061
8070
8110
8150
8190
8220
8284
8290
8310
8340
8370
8410
8450
8490
8511
8520
8550
8570
8650
8670
8720
8736
8800
8870
8910
8950
8961
8970
9030
9050
9080
9100
9160
9180
9185
9210
9260
9280
9330
9360
9400
9411
9450
9470
9500
9520
9630
9670
9700
9730
9770
9800
9811
9820
9850
9890
9930
9970
10035
10040
10080
10120
10150
10180
10220
10261
10270
10300
10330
10370
10400
10420
10437
10450
10485
10490
10530
10560
10600
10630
10660
10690
10710
10720
10740
10770
10790
10810
10840
10870
10910
10940
10970
11000
11040
11070
11090
11120
11150
11161
11170
11190
11230
11270
11300
11320
11340
11370
11386
11390
11420
11450
11490
11510
11530
11560
11600
11611
11660
11780
11810
11835
11840
11860
11900
11930
11970
12030
12060
12061
