1
10
20
30
40
50
60
70
80
100
110
120
130
140
150
160
170
180
200
210
220
230
240
250
260
270
280
290
310
320
330
340
350
360
370
380
390
410
420
430
440
450
460
470
480
490
505
510
520
530
540
550
560
570
580
590
600
610
620
630
650
680
705
710
720
740
760
770
780
790
800
810
830
840
850
860
870
880
890
900
910
920
930
940
950
960
970
980
990
1000
1010
1020
1030
1040
1050
1060
1070
1080
1100
1110
1120
1130
1140
1150
1160
1170
1180
1190
1220
1230
1240
1250
1260
1270
1280
1290
1300
1310
1320
1330
1340
1350
1360
1370
1380
1400
