2
2
5.5
5.5
10.5
10.5
15
15
20
20
25
25
35
35
42
42
47.5
47.5
51
51
58.5
58.5
65
65
71.5
71.5
76.5
76.5
81
81
85
85
89.5
89.5
95
95
100
100
105
105
110
110
121
121
126.5
126.5
134.5
134.5
141
141
145.5
145.5
150
150
154
154
158
158
162
162
166
166
170
170
175
175
180
180
185
185
190
190
194
194
197
197
200
200
202
202
206
206
210
210
215
215
222
222
226
226
230
230
235
235
240
240
244
244
251
251
255
255
262
262
267
267
271
271
276
276
280
280
284
284
288
288
293
293
297
297
300
300
305
305
310
310
315
315
320
320
326
326
330
330
335
335
341
341
351
351
356
356
360
360
365
365
370
370
372.5
372.5
375
375
