0.5
6.5
12.5
24.5
36.5
48.5
60.5
66.5
78.5
84.5
90.5
96.5
102.5
108.5
114.5
120.5
126.5
132.5
138.5
144.5
150.5
156.5
162.5
168.5
174.5
180.5
186.5
192.5
198.5
204.5
210.5
216.5
222.5
228.5
234.5
237.5
240.5
243.5
246.5
249.5
252.5
255.5
258.5
261.5
264.5
267.5
270.5
273.5
276.5
279.5
282.5
288.5
294.5
300.5
306.5
318.5
330.5
342.5
354.5
366.5
378.5
390.5
402.5
414.5
426.5
438.5
450.5
462.5
474.5
486.5
510.5
534.5
558.5
582.5
606.5
618.5
630.5
639.5
647.5
654.5
662.5
670.5
678.5
684.5
690.5
696.5
702.5
708.5
714.5
720.5
726.5
732.5
735.5
738.5
740.5
742.5
743.5
745.5
747.5
750.5
755.5
760.5
