970
980
990
1000
1010
1020
1035
1045
1054
1062
1070
1078
1086
1094
1102
1110
1118
1126
1134
1142
1154
1162
1170
1178
1186
1194
1202
1210
1218
1226
1234
1242
1254
1262
1270
1278
1286
1294
1302
1310
1318
1326
1334
1342
1354
1362
1370
1378
1386
1394
1402
1410
1418
1426
1434
1442
1458
1466
1474
1482
1490
1498
1514
1522
1530
1538
1554
1562
1570
1578
1586
1594
1602
1610
1618
1626
1634
1642
1658
1666
1674
1682
1690
1698
1706
1714
1722
1730
1738
1754
1762
1770
1778
1786
1794
1802
1810
1818
1826
1834
1842
1850
1858
1866
1874
1882
1890
1898
1906
1914
1922
1930
