551
551
551
563
563
563
574
574
574
588
588
588
599
599
599
609
609
609
617
617
617
625
625
625
637
637
637
641
641
641
645
645
645
656
656
656
667
667
667
676
676
676
689
689
689
700
700
700
700
700
700
708
708
708
731
731
731
736
736
736
745
745
745
756
756
756
767
767
767
778
778
778
788
788
788
799
799
799
809
809
809
817
817
817
830
830
830
837
837
837
845
845
845
855
855
855
865
865
865
873
873
873
885
885
885
895
895
895
905
905
905
908
908
908
917
917
917
925
925
925
936
936
936
945
945
945
952
952
952
960
960
960
967
967
967
