34.5
42.5
58.5
66.5
74.5
82.5
90.5
98.5
106.5
114.5
122.5
130.5
138.5
146.5
154.5
162.5
170.5
178.5
186.5
194.5
202.5
210.5
218.5
226.5
234.5
242.5
250.5
258.5
266.5
282.5
298.5
314.5
330.5
346.5
354.5
362.5
370.5
378.5
386.5
394.5
402.5
410.5
418.5
426.5
434.5
442.5
450.5
458.5
466.5
474.5
482.5
490.5
498.5
506.5
514.5
522.5
530.5
538.5
546.5
554.5
562.5
570.5
578.5
586.5
594.5
602.5
610.5
618.5
626.5
634.5
642.5
650.5
658.5
666.5
674.5
682.5
690.5
698.5
706.5
714.5
722.5
730.5
738.5
746.5
754.5
762.5
770.5
778.5
786.5
794.5
802.5
810.5
818.5
826.5
834.5
842.5
850.5
858.5
866.5
874.5
882.5
898.5
914.5
930.5
946.5
962.5
978.5
994.5
1010.5
1026.5
