1700
1700
1712
1712
1713
1713
1721
1721
1725
1725
1726
1726
1727
1727
1729
1729
1730
1730
1731
1731
1732
1732
1733
1733
1734
1734
1735
1735
1736
1736
1737
1737
1738
1738
1739
1739
1740
1740
1741
1741
1742
1742
1743
1743
1744
1744
1745
1745
1746
1746
1747
1747
1748
1748
1749
1749
1753
1753
1757
1757
1761
1761
1765
1765
1769
1769
1773
1773
1777
1777
1781
1781
1785
1785
1789
1789
1793
1793
1797
1797
1801
1801
1805
1805
1809
1809
1813
1813
1817
1817
1821
1821
1825
1825
1829
1829
1833
1833
1835
1835
1837
1837
1841
1841
1845
1845
1849
1849
1853
1853
1857
1857
1861
1861
1865
1865
1869
1869
1873
1873
1877
1877
1881
1881
1885
1885
1889
1889
1893
1893
1897
1897
1901
1901
1905
1905
1909
1909
1913
1913
1917
1917
1921
1921
1925
1925
1929
1929
1933
1933
1937
1937
1941
1941
1945
1945
1949
1949
1953
1953
1957
1957
1961
1961
1965
1965
1969
1969
1973
1973
1977
1977
1981
1981
1985
1985
1989
1989
1993
1993
1997
1997
2001
2001
2005
2005
2009
2009
2013
2013
2017
2017
2021
2021
2025
2025
2029
2029
2033
2033
2037
2037
2041
2041
2045
2045
2049
2049
2053
2053
2057
2057
2061
2061
2065
2065
2069
2069
2073
2073
2077
2077
2081
2081
2085
2085
2089
2089
2093
2093
2097
2097
2101
2101
2105
2105
2109
2109
2113
2113
2117
2117
2121
2121
2125
2125
2129
2129
2133
2133
2137
2137
2141
2141
2145
2145
2149
2149
2153
2153
2157
2157
2161
2161
2165
2165
2169
2169
2177
2177
