232
232
240
240
244
244
248
248
252
252
256
256
264
264
272
272
280
280
288
288
296
296
304
304
312
312
314
314
316
316
318
318
320
320
322
322
324
324
326
326
328
328
330
330
332
332
334
334
336
336
338
338
341
341
344
344
350
350
358
358
366
366
374
374
382
382
389
389
390
390
398
398
406
406
414
414
422
422
430
430
438
438
446
446
454
454
462
462
470
470
478
478
486
486
494
494
502
502
512
512
520
520
526
526
534
534
542
542
550
550
558
558
560
560
562
562
564
564
566
566
568
568
570
570
573
573
576
576
578
578
580
580
582
582
584
584
586
586
588
588
590
590
592
592
594
594
598
598
601
601
606
606
614
614
622
622
630
630
638
638
646
646
654
654
662
662
670
670
678
678
684
684
692
692
700
700
708
708
716
716
724
724
732
732
740
740
748
748
756
756
764
764
772
772
