229
239
249
259
269
279
299
309
319
329
339
349
359
369
375
379
385
389
395
397
399
405
409
415
419
425
429
434
439
441
443
445
447
449
451
453
455
457
459
461
463
465
467
469
471
473
475
477
479
481
489
499
509
519
529
539
549
559
569
579
589
609
619
625
629
635
639
645
649
655
659
665
669
679
689
699
709
719
729
739
749
759
769
779
789
799
809
819
829
839
849
859
869
879
889
895
899
905
909
915
919
925
929
935
939
944
945
949
955
965
975
979
985
995
999
1009
1019
1029
1039
1049
1059
1069
1079
1089
1099
1109
1119
1129
1139
1149
1159
1165
1169
1175
1179
1189
1195
1199
1205
1209
1215
1219
1225
1229
1235
1239
1245
1249
1255
1269
1274
1279
1289
1299
1309
1319
1329
1335
1339
1349
1359
1369
1379
1385
1389
1399
1409
1419
1429
1439
1449
1459
1469
1479
1489
1499
1509
1519
1529
1539
1549
1559
1579
1589
1599
1609
1619
1629
1639
1649
1669
1679
1689
1699
1709
1719
1729
1739
1749
1759
1769
1779
1789
1799
1809
1819
1829
1839
1849
1859
1869
1879
1889
1899
1909
1919
1929
1939
1949
1959
1969
1979
1989
1999
2009
2019
2029
2039
2049
2059
2069
