0
4
8
12
16
20
24
28
32
36
40
44
48
52
56
60
64
68
72
76
80
84
88
92
96
100
104
108
112
116
120
124
128
132
136
140
144
148
152
156
160
164
168
172
176
180
184
188
192
196
200
204
208
212
222
226
230
234
238
242
246
250
254
264
274
284
294
304
314
323
333
343
353
363
373
383
393
403
413
423
433
443
453
463
473
477
483
487
493
497
503
507
513
517
523
527
533
537
543
547
553
557
563
567
573
577
583
587
593
597
603
607
613
617
623
627
633
637
643
647
653
663
673
683
693
703
713
723
733
743
753
763
773
783
793
803
813
823
