0
4
8
12
16
20
24
28
32
36
40
44
48
52
56
60
64
68
72
76
80
84
88
92
96
100
104
108
112
116
120
124
128
132
136
140
144
152
156
160
164
168
172
176
184
188
192
196
200
216
232
264
280
288
296
304
312
320
328
336
340
344
352
356
360
364
368
372
376
380
384
388
392
396
400
404
408
412
416
420
424
428
432
436
440
452
456
460
464
468
472
476
480
484
488
496
504
512
520
528
536
544
560
568
576
584
592
600
608
616
624
632
640
660
664
672
680
688
696
704
712
720
724
728
732
736
740
744
748
752
756
760
764
768
772
776
780
784
788
792
796
800
804
808
816
822
