217
219
221
223
225
227
229
231
233
235
238
242
246
250
254
262
266
270
274
278
282
290
294
298
306
310
314
316
320
324
327
332
336
344
348
352
356
360
364
368
372
376
384
388
396
400
404
412
416
420
424
432
436
444
448
452
456
460
464
468
472
476
484
488
492
496
500
504
512
516
520
524
528
532
536
544
548
552
556
560
564
568
576
580
584
588
592
596
600
612
616
620
624
628
632
636
640
641
642
644
648
652
654
655
656
660
664
668
672
676
680
684
688
692
696
700
710
714
718
722
726
730
734
738
742
746
754
758
762
766
770
774
778
782
786
790
794
798
802
810
818
822
826
830
834
838
842
846
854
858
862
866
870
874
878
882
886
890
894
902
932
936
940
944
948
962
966
970
978
982
986
994
998
1002
1006
1010
1014
1018
1022
1026
1034
