1555.5
1560.5
1564
1568
1569
1570.5
1575
1590.5
1610.5
1665.5
1715.5
1735.5
1740.5
1745.5
1765
1775.5
1780.5
1785.5
1790.5
1795.5
1800.5
1805.5
1810.5
1815.5
1820.5
1825.5
1830.5
1835.5
1840.5
1860.5
1865.5
1870.5
1875.5
1880.5
1885.5
1890.5
1895.5
1900.5
1905.5
1910.5
1915.5
1920.5
1925.5
1930.5
1935.5
1940.5
1955.5
1960.5
1965.5
1970.5
1975.5
1980.5
1985.5
1990.5
1995.5
2000.5
2005.5
2010.5
2015.5
2020.5
2025.5
2030.5
2035.5
2040.5
2046.5
2055.5
2060.5
2065.5
2070.5
2075.5
2080.5
2085.5
2090.5
2095.5
2100.5
2105.5
2115.5
2125.5
2135.5
2145.5
2165.5
2215.5
2265.5
2315.5
2365.5
2415.5
2465.5
2490.5
2515.5
2565.5
2615.5
2638.5
2665.5
2670.5
2675.5
2680.5
2685.5
2690.5
2695.5
2700.5
2705.5
2710.5
2715.5
2720.5
2725.5
2730.5
2735.5
2740.5
2745.5
2751.5
2755.5
2760.5
2765.5
2770.5
2775.5
2780.5
2785.5
2790.5
2795.5
2795.5
2800.5
2805.5
2810.5
2815.5
2820.5
2825.5
2830.5
2835.5
2840.5
2843.5
2851.5
2853
2855.5
2858
2860.5
2863
2865.5
2868
2870.5
2873
2875.5
2878
2880.5
2883
2885.5
2888
2890.5
2893
2895.5
2898
2900.5
2903
2905.5
2907.5
2910.5
2913
2915.5
2940.5
2965.5
2975.5
2980.5
2983.5
2985.5
2995.5
3015.5
