1467
1477
1487
1497
1507
1517
1527
1537
1547
1557
1567
1577
1587
1597
1607
1617
1627
1637
1647
1657
1667
1677
1687
1697
1707
1717
1727
1737
1747
1757
1767
1777
1787
1797
1807
1817
1827
1837
1847
1857
1867
1877
1887
1897
1907
1917
1927
1937
1947
1957
1967
1977
1987
1997
2007
2017
2027
2037
2047
2057
2067
2077
2087
2097
2107
2117
2127
2137
2147
2157
2167
2177
2187
2197
2207
2217
2227
2237
2247
2257
2267
2277
2287
2297
2307
2317
2327
2337
2347
2357
2367
2377
2387
2397
2407
2417
2427
2437
2447
2457
2467
2477
2487
2497
2507
2517
2527
2537
2547
2557
2567
2577
2587
2597
2607
2617
2627
2637
2647
2657
2667
2677
2687
2697
2707
2717
2727
2737
2747
2757
2767
2777
2787
2797
2807
2817
2827
2837
2847
2857
2867
2877
2887
2897
2907
2917
2927
2937
2947
2957
2967
2977
2987
2997
3007
3017
