85
90
150
165
175
180
190
195
205
210
215
225
230
235
245
250
255
259.5
265
270
275
280
282.5
287
290
292.5
295
297.5
300
301.5
303.5
305
306.5
308.5
320
322.5
325
327.5
330
332.5
335
337.5
340
345
350
355
360.5
370
380
395
400
420
433
440
450
460
470
485
501
509
530
540
560
577.5
590
599
610
620
630
641.5
650
660
675
695
3
5
10
15
20
25
30
35
40
45
50
53
57
63
68
75
80
82.5
95
100
105
112
115
120
125
130
135
140
145
155
160
170
185
200
220
240
285
310.5
312
313.5
315
316.5
318.5
390
410
520
550
570
