600.5
608.5
616.5
624.5
632.5
640.5
648.5
652.5
656.5
660.5
664.5
668.5
672.5
676.5
680.5
684.5
688.5
696.5
704.5
712.5
720.5
728.5
736.5
744.5
752.5
760.5
768.5
776.5
784.5
792.5
800.5
808.5
818.5
826.5
834.5
842.5
846.5
850.5
854.5
858.5
862.5
866.5
870.5
874.5
878.5
882.5
886.5
890.5
898.5
902.5
906.5
914.5
922.5
930.5
938.5
946.5
954.5
962.5
970.5
978.5
986.5
994.5
1010.5
1026.5
1034.5
1042.5
1058.5
1074.5
1082.5
1090.5
1097.5
1106.5
1114.5
1122.5
1130.5
1138.5
1146.5
1154.5
1162.5
1170.5
1178.5
1186.5
1194.5
