0.5
65.5
81.5
97.5
113.5
129.5
145.5
166.5
182.5
198.5
214.5
230.5
246.5
281.5
313.5
329.5
366.5
382.5
398.5
414.5
430.5
458.25
474.25
490.25
506.25
522.25
538.25
558.25
574.25
590.25
598.25
606.25
622.25
630.25
638.25
658.25
674.25
690.25
706.25
714.75
722.25
730.75
738.25
746.25
758.25
766.75
774.25
782.75
790.25
798.25
806.25
814.25
822.25
830.25
838.25
846.25
856.25
864.25
872.25
880.25
888.25
896.25
904.25
912.25
920.25
924.25
928.25
932.25
936.25
940.25
944.25
954.25
964.25
972.25
980.25
988.25
996.25
1004.25
1012.25
1020.25
1028.25
1036.25
1044.25
1056.25
1064.25
1072.25
1080.25
