14
14
14
34
34
34
1
1
1
71
71
71
44
44
44
54
54
54
24
24
24
77
77
77
87
87
87
98
98
98
107
107
107
122
122
122
117
117
117
132
132
132
138
138
138
146
146
146
156
156
156
166
166
166
183
183
183
173
173
173
195
195
195
206
206
206
216
216
216
226
226
226
236
236
236
246
246
246
256
256
256
266
266
266
276
276
276
286
286
286
306
306
306
296
296
296
302
302
302
316
316
316
326
326
326
336
336
336
346
346
346
356
356
356
364
364
364
374
374
374
384
384
384
395
395
395
404
404
404
423
423
423
413
413
413
433
433
433
453
453
453
444
444
444
