60
60
65
65
70
70
75
75
80
80
85
85
90
90
91
91
105
105
110
110
115
115
120
120
125
125
130
130
135
135
140
140
145
145
150
150
155
155
160
160
165
165
170
170
175
175
180
180
185
185
190
190
195
195
210
210
215
215
220
220
225
225
230
230
235
235
240
240
245
245
250
250
255
255
260
260
265
265
270
270
275
275
280
280
310
310
315
315
320
320
325
325
330
330
335
335
340
340
345
345
350
350
355
355
360
360
365
365
370
370
375
375
380
380
385
385
390
390
395
395
405
405
410
410
415
415
420
420
425
425
430
430
435
435
440
440
445
445
450
450
455
455
460
460
465
465
470
470
475
475
480
480
485
485
490
490
495
495
