1
5
10
15
20
25
30
35
40
45
50
55
60
65
70
75
80
85
90
95
100
105
110
115
120
135
140
145
150
155
160
165
170
175
180
190
200
210
220
230
240
260
270
280
290
300
310
320
330
340
350
360
370
380
390
400
410
420
430
440
450
460
470
480
500
510
520
530
540
550
560
570
580
590
600
638
663
686
710
731
758
776
792
810
830
854
880
912
940
960
990
1012
1036
1060
1084
1110
1134
1158
1186
1206
1230
1250
1270
1294
1314
1336
1362
1386
1408
1426
1450
1470
1496
1512
1536
1560
1584
1606
1624
1650
1678
1706
1732
1758
