50
830
830
826
826
822
822
818
818
814
814
810
810
806
806
802
802
798
798
794
794
791
791
788
788
784
784
780
780
776
776
772
772
768
768
765
765
761
761
757
757
753
753
749
749
745
745
741
741
737
737
733
733
729
729
725
725
721
721
717
717
713
713
709
709
705
705
701
701
697
697
693
693
689
689
685
685
683
683
679
679
675
675
671
671
667
667
663
663
659
659
655
655
651
651
647
647
643
643
639
639
635
635
631
631
627
627
623
623
619
619
615
615
611
611
607
607
604
604
598
598
594
594
590
590
586
586
582
582
578
578
574
574
570
570
566
566
562
562
558
558
554
554
550
550
546
546
542
542
538
538
534
534
530
530
526
526
522
522
518
518
514
514
510
510
506
506
502
502
498
498
494
494
490
490
486
486
482
482
478
478
474
474
470
470
466
466
462
462
458
458
454
454
450
450
446
446
442
442
438
438
434
434
430
430
425
425
421
421
417
417
413
413
409
409
405
405
401
401
397
397
393
393
389
389
385
385
381
381
377
377
373
373
369
369
365
365
361
361
357
357
353
353
349
349
345
345
341
341
337
337
333
333
329
329
325
325
321
321
317
317
313
313
309
309
305
305
301
301
297
297
293
293
289
289
285
285
281
281
277
277
273
273
269
269
265
265
261
261
257
257
254
254
250
250
246
246
242
242
238
238
234
234
230
230
226
226
222
222
218
218
214
214
210
210
206
206
202
202
198
198
194
194
190
190
186
186
182
182
178
178
174
174
170
170
166
166
162
162
158
158
154
154
150
150
146
146
142
142
138
138
134
134
130
130
126
126
122
122
118
118
114
114
110
110
106
106
102
102
98
98
94
94
90
90
86
86
82
82
78
78
74
74
70
70
66
66
62
62
58
58
54
54
50
