1295
1295
1295
1295
1300
1300
1300
1300
1305
1305
1305
1305
1315
1315
1315
1315
1325
1325
1325
1325
1345
1345
1345
1345
1365
1365
1365
1365
1400
1400
1400
1400
1440
1440
1440
1440
1500
1500
1500
1500
1538
1538
1538
1538
1600
1600
1600
1600
1640
1640
1640
1640
1700
1700
1700
1700
1740
1740
1740
1740
1800
1800
1800
1800
1860
1860
1860
1860
1898
1898
1898
1898
1918
1918
1918
1918
1958
1958
1958
1958
2000
2000
2000
2000
2020
2020
2020
2020
2040
2040
2040
2040
2060
2060
2060
2060
2080
2080
2080
2080
2100
2100
2100
2100
2120
2120
2120
2120
2140
2140
2140
2140
2175
2175
2175
2175
2220
2220
2220
2220
2262
2262
2262
2262
